0.297959,0.474801,0.448468,0.024768,0.598886,0.038997,0.119777,0.00625,0.424702
0.297959,0.480106,0.214485,0.021672,0.398329,0.030641,0.902507,0.009375,0.458288
0.297959,0.482759,0.247911,0.037152,0.311978,0.041783,0.033426,0.021875,0.528711
0.297959,0.482759,0.51532,0.012384,0.724234,0.02507,0.278552,0.003125,0.629469
0.297959,0.469496,0.211699,0.077399,0.256267,0.08078,0.169916,0.0625,0.670639
0.297959,0.458886,0.220056,0.074303,0.247911,0.072423,0.172702,0.0625,0.703142
0.297959,0.453581,0.239554,0.06192,0.256267,0.064067,0.208914,0.05625,0.698808
0.297959,0.450928,0.292479,0.043344,0.348189,0.050139,0.228412,0.03125,0.705309
0.297959,0.450928,0.259053,0.012384,0.350975,0.016713,0.038997,0.00625,0.627302
0.297959,0.450928,0.401114,0.037152,0.465181,0.047354,0.320334,0.01875,0.409534
0.293878,0.464191,0.292479,0.049536,0.350975,0.052925,0.256267,0.028125,0.453954
0.293878,0.477454,0.32312,0.055728,0.398329,0.072423,0.289694,0.034375,0.483207
0.293878,0.482759,0.395543,0.034056,0.557103,0.050139,0.259053,0.021875,0.383532
0.293878,0.490716,0.417827,0.040248,0.481894,0.05571,0.325905,0.025,0.352113
0.293878,0.498674,0.250696,0.04644,0.278552,0.050139,0.222841,0.040625,0.482124
0.297959,0.498674,0.253482,0.021672,0.467967,0.030641,0.072423,0.0125,0.59805
0.297959,0.490716,0.214485,0.052632,0.253482,0.058496,0.153203,0.025,0.647887
0.297959,0.477454,0.29805,0.058824,0.32312,0.064067,0.264624,0.046875,0.661972
0.293878,0.466844,0.303621,0.027864,0.331476,0.033426,0.272981,0.01875,0.599133
0.293878,0.466844,0.278552,0.06192,0.339833,0.066852,0.253482,0.046875,0.624052
0.293878,0.466844,0.281337,0.058824,0.29805,0.061281,0.250696,0.05,0.589382
0.293878,0.466844,0.267409,0.043344,0.331476,0.050139,0.24234,0.03125,0.615385
0.293878,0.466844,0.401114,0.021672,0.557103,0.027855,0.208914,0.009375,0.582882
0.293878,0.469496,0.286908,0.049536,0.373259,0.047354,0.220056,0.040625,0.487541
0.293878,0.474801,0.236769,0.083591,0.245125,0.083565,0.225627,0.075,0.658722
0.293878,0.472149,0.236769,0.080495,0.286908,0.08078,0.194986,0.05625,0.673889
0.293878,0.469496,0.228412,0.089783,0.253482,0.091922,0.189415,0.071875,0.690141
0.293878,0.464191,0.239554,0.089783,0.261838,0.089136,0.18663,0.065625,0.698808
0.293878,0.458886,0.214485,0.077399,0.253482,0.08078,0.178273,0.05625,0.703142
0.293878,0.456233,0.253482,0.06192,0.286908,0.064067,0.197772,0.04375,0.619718
0.293878,0.458886,0.250696,0.04644,0.289694,0.047354,0.222841,0.0375,0.664139
0.293878,0.461538,0.220056,0.089783,0.233983,0.091922,0.203343,0.078125,0.660888
0.293878,0.464191,0.200557,0.080495,0.214485,0.08078,0.178273,0.075,0.617551
0.293878,0.464191,0.231198,0.089783,0.239554,0.086351,0.220056,0.078125,0.68039
0.293878,0.466844,0.245125,0.068111,0.272981,0.064067,0.220056,0.0625,0.672806
0.293878,0.466844,0.261838,0.071207,0.275766,0.069638,0.239554,0.046875,0.638137
0.293878,0.469496,0.284123,0.049536,0.328691,0.05571,0.250696,0.0375,0.60455
0.293878,0.474801,0.225627,0.071207,0.253482,0.072423,0.214485,0.059375,0.612134
0.293878,0.477454,0.233983,0.065015,0.259053,0.064067,0.206128,0.053125,0.613218
0.293878,0.477454,0.225627,0.080495,0.245125,0.077994,0.189415,0.04375,0.614301
0.293878,0.477454,0.239554,0.077399,0.259053,0.089136,0.211699,0.065625,0.659805
0.293878,0.474801,0.236769,0.077399,0.250696,0.075209,0.222841,0.06875,0.622969
0.293878,0.477454,0.236769,0.071207,0.264624,0.075209,0.214485,0.05625,0.626219
0.293878,0.477454,0.236769,0.068111,0.256267,0.061281,0.200557,0.05625,0.583965
0.293878,0.480106,0.222841,0.049536,0.259053,0.050139,0.197772,0.040625,0.611051
0.289796,0.480106,0.211699,0.089783,0.214485,0.083565,0.208914,0.084375,0.611051
0.289796,0.480106,0.250696,0.074303,0.286908,0.08078,0.21727,0.059375,0.655471
0.293878,0.480106,0.250696,0.086687,0.261838,0.08078,0.236769,0.071875,0.669556
0.289796,0.474801,0.272981,0.049536,0.300836,0.047354,0.256267,0.040625,0.619718
0.289796,0.472149,0.284123,0.037152,0.331476,0.038997,0.256267,0.03125,0.549296
0.289796,0.474801,0.272981,0.03096,0.317549,0.027855,0.236769,0.021875,0.56013
0.289796,0.480106,0.214485,0.040248,0.222841,0.041783,0.203343,0.034375,0.561213
0.289796,0.482759,0.225627,0.055728,0.250696,0.061281,0.192201,0.04375,0.592633
0.289796,0.485411,0.206128,0.068111,0.231198,0.066852,0.192201,0.0625,0.624052
0.289796,0.482759,0.211699,0.065015,0.24234,0.069638,0.167131,0.05,0.648971
0.289796,0.477454,0.245125,0.043344,0.275766,0.044568,0.21727,0.034375,0.643554
0.289796,0.474801,0.256267,0.055728,0.286908,0.058496,0.214485,0.04375,0.596966
0.289796,0.474801,0.289694,0.04644,0.325905,0.047354,0.228412,0.0375,0.618635
0.285714,0.474801,0.253482,0.034056,0.303621,0.030641,0.214485,0.028125,0.566631
0.285714,0.477454,0.231198,0.021672,0.281337,0.022284,0.203343,0.015625,0.549296
0.285714,0.480106,0.309192,0.049536,0.448468,0.052925,0.208914,0.040625,0.52546
0.285714,0.485411,0.200557,0.06192,0.222841,0.069638,0.175487,0.04375,0.516793
0.285714,0.488064,0.233983,0.071207,0.278552,0.069638,0.206128,0.059375,0.588299
0.285714,0.488064,0.245125,0.068111,0.250696,0.066852,0.239554,0.059375,0.596966
0.285714,0.485411,0.231198,0.065015,0.253482,0.066852,0.181058,0.05,0.612134
0.285714,0.482759,0.259053,0.055728,0.300836,0.061281,0.225627,0.04375,0.605634
0.285714,0.482759,0.236769,0.074303,0.261838,0.072423,0.222841,0.065625,0.606717
0.285714,0.482759,0.206128,0.06192,0.247911,0.069638,0.164345,0.04375,0.625135
0.281633,0.482759,0.220056,0.06192,0.250696,0.061281,0.194986,0.05,0.63922
0.281633,0.480106,0.228412,0.06192,0.270195,0.064067,0.192201,0.053125,0.666306
0.281633,0.474801,0.206128,0.068111,0.236769,0.069638,0.192201,0.059375,0.68039
0.281633,0.469496,0.21727,0.089783,0.250696,0.097493,0.192201,0.05,0.693391
0.285714,0.464191,0.189415,0.089783,0.208914,0.091922,0.169916,0.078125,0.706392
0.285714,0.458886,0.194986,0.06192,0.245125,0.061281,0.155989,0.05625,0.730228
0.285714,0.453581,0.250696,0.034056,0.331476,0.044568,0.122563,0.015625,0.742145
0.285714,0.448276,0.097493,0.034056,0.147632,0.036212,0.044568,0.028125,0.746479
0.281633,0.445623,0.183844,0.123839,0.192201,0.116992,0.181058,0.1125,0.763814
0.281633,0.442971,0.178273,0.126935,0.183844,0.116992,0.175487,0.109375,0.769231
0.281633,0.442971,0.183844,0.117647,0.197772,0.111421,0.167131,0.109375,0.768147
0.281633,0.442971,0.18663,0.102167,0.194986,0.094708,0.175487,0.096875,0.767064
0.281633,0.440318,0.183844,0.117647,0.197772,0.111421,0.172702,0.115625,0.76598
0.281633,0.442971,0.178273,0.114551,0.18663,0.111421,0.167131,0.10625,0.773564
0.281633,0.442971,0.183844,0.102167,0.197772,0.100279,0.153203,0.09375,0.776815
0.281633,0.442971,0.211699,0.086687,0.264624,0.086351,0.18663,0.065625,0.773564
0.285714,0.440318,0.21727,0.01548,0.442897,0.019499,0.111421,0.00625,0.771398
0.281633,0.437666,0.267409,0.034056,0.311978,0.033426,0.239554,0.025,0.755146
0.281633,0.432361,0.214485,0.089783,0.222841,0.091922,0.194986,0.071875,0.775731
0.281633,0.432361,0.183844,0.120743,0.200557,0.116992,0.175487,0.10625,0.785482
0.281633,0.435013,0.18663,0.105263,0.203343,0.10585,0.172702,0.090625,0.784399
0.281633,0.437666,0.18663,0.111455,0.208914,0.114206,0.172702,0.096875,0.777898
0.281633,0.440318,0.194986,0.108359,0.206128,0.10585,0.175487,0.1,0.773564
0.281633,0.442971,0.197772,0.095975,0.220056,0.114206,0.175487,0.075,0.764897
0.281633,0.448276,0.220056,0.102167,0.24234,0.103064,0.192201,0.08125,0.750813
0.281633,0.450928,0.211699,0.095975,0.247911,0.091922,0.178273,0.08125,0.742145
0.281633,0.453581,0.203343,0.068111,0.21727,0.075209,0.181058,0.05625,0.739978
0.281633,0.456233,0.189415,0.074303,0.208914,0.08078,0.167131,0.065625,0.736728
0.277551,0.456233,0.206128,0.065015,0.222841,0.066852,0.172702,0.053125,0.737811
0.277551,0.458886,0.220056,0.080495,0.253482,0.083565,0.192201,0.071875,0.725894
0.277551,0.458886,0.239554,0.077399,0.253482,0.08078,0.225627,0.065625,0.694475
0.277551,0.461538,0.264624,0.071207,0.295265,0.066852,0.245125,0.059375,0.684724
0.281633,0.466844,0.250696,0.071207,0.286908,0.072423,0.231198,0.053125,0.68364
0.277551,0.469496,0.250696,0.058824,0.264624,0.061281,0.228412,0.046875,0.63922
0.277551,0.472149,0.247911,0.058824,0.270195,0.058496,0.233983,0.05,0.64247
0.277551,0.474801,0.261838,0.049536,0.278552,0.050139,0.24234,0.034375,0.628386
0.277551,0.477454,0.250696,0.052632,0.281337,0.050139,0.220056,0.04375,0.605634
0.281633,0.480106,0.220056,0.065015,0.247911,0.064067,0.181058,0.05625,0.622969
0.277551,0.480106,0.24234,0.052632,0.278552,0.066852,0.18663,0.034375,0.650054
0.277551,0.480106,0.24234,0.040248,0.367688,0.052925,0.206128,0.021875,0.656555
0.277551,0.480106,0.259053,0.049536,0.278552,0.052925,0.231198,0.04375,0.626219
0.277551,0.480106,0.231198,0.065015,0.245125,0.066852,0.222841,0.05,0.632719
0.277551,0.482759,0.225627,0.049536,0.24234,0.050139,0.203343,0.04375,0.646804
0.277551,0.482759,0.24234,0.06192,0.253482,0.058496,0.228412,0.05625,0.647887
0.277551,0.480106,0.247911,0.058824,0.261838,0.05571,0.236769,0.053125,0.618635
0.277551,0.482759,0.220056,0.065015,0.275766,0.069638,0.192201,0.053125,0.63597
0.277551,0.482759,0.194986,0.055728,0.222841,0.061281,0.169916,0.04375,0.664139
0.277551,0.482759,0.211699,0.074303,0.225627,0.08078,0.167131,0.059375,0.676056
0.277551,0.480106,0.197772,0.058824,0.214485,0.064067,0.183844,0.040625,0.669556
0.277551,0.477454,0.194986,0.058824,0.208914,0.066852,0.18663,0.04375,0.678223
0.277551,0.477454,0.208914,0.077399,0.225627,0.077994,0.183844,0.071875,0.682557
0.277551,0.474801,0.189415,0.065015,0.211699,0.064067,0.172702,0.05625,0.68039
0.277551,0.474801,0.206128,0.080495,0.228412,0.077994,0.192201,0.06875,0.681473
0.277551,0.472149,0.228412,0.068111,0.264624,0.069638,0.197772,0.046875,0.673889
0.273469,0.472149,0.21727,0.068111,0.247911,0.077994,0.189415,0.05,0.652221
0.273469,0.474801,0.233983,0.068111,0.259053,0.069638,0.206128,0.05625,0.659805
0.273469,0.474801,0.200557,0.06192,0.225627,0.064067,0.169916,0.040625,0.660888
0.273469,0.474801,0.284123,0.040248,0.309192,0.038997,0.253482,0.034375,0.640303
0.269388,0.474801,0.292479,0.024768,0.325905,0.027855,0.261838,0.0125,0.609967
0.269388,0.477454,0.286908,0.03096,0.309192,0.033426,0.272981,0.021875,0.591549
0.269388,0.480106,0.317549,0.021672,0.401114,0.02507,0.256267,0.0125,0.570964
0.269388,0.482759,0.43454,0.01548,0.56546,0.016713,0.331476,0.009375,0.538462
0.265306,0.482759,0.409471,0.021672,0.481894,0.022284,0.348189,0.015625,0.482124
0.265306,0.488064,0.423398,0.037152,0.476323,0.047354,0.32312,0.01875,0.486457
0.265306,0.493369,0.48468,0.034056,0.562674,0.038997,0.43454,0.021875,0.492958
0.265306,0.498674,0.451253,0.021672,0.56546,0.022284,0.35376,0.009375,0.482124
0.265306,0.501326,0.356546,0.018576,0.398329,0.02507,0.275766,0.00625,0.457205
0.265306,0.503979,0.337047,0.021672,0.442897,0.019499,0.264624,0.01875,0.471289
0.265306,0.503979,0.275766,0.024768,0.337047,0.02507,0.24234,0.01875,0.564464
0.265306,0.501326,0.228412,0.03096,0.292479,0.030641,0.181058,0.028125,0.544962
0.265306,0.501326,0.200557,0.04644,0.21727,0.044568,0.175487,0.04375,0.608884
0.265306,0.496021,0.236769,0.068111,0.256267,0.066852,0.200557,0.0625,0.620802
0.265306,0.490716,0.211699,0.065015,0.259053,0.066852,0.167131,0.05,0.633803
0.265306,0.485411,0.24234,0.06192,0.284123,0.061281,0.164345,0.053125,0.641387
0.265306,0.480106,0.281337,0.074303,0.295265,0.075209,0.253482,0.0625,0.655471
0.265306,0.477454,0.231198,0.055728,0.261838,0.058496,0.18663,0.046875,0.653304
0.265306,0.474801,0.289694,0.040248,0.339833,0.047354,0.225627,0.025,0.646804
0.261224,0.474801,0.306407,0.03096,0.37883,0.030641,0.225627,0.025,0.611051
0.261224,0.477454,0.286908,0.01548,0.348189,0.022284,0.239554,0.00625,0.586132
0.261224,0.477454,0.286908,0.012384,0.398329,0.016713,0.21727,0.003125,0.554713
0.261224,0.480106,0.376045,0.018576,0.470752,0.019499,0.178273,0.00625,0.51896
0.261224,0.485411,0.428969,0.040248,0.490251,0.05571,0.314763,0.025,0.536295
0.257143,0.488064,0.415042,0.024768,0.523677,0.038997,0.342618,0.009375,0.499458
0.257143,0.490716,0.451253,0.049536,0.498607,0.066852,0.412256,0.03125,0.507042
0.257143,0.496021,0.423398,0.043344,0.48468,0.050139,0.381616,0.025,0.485374
0.257143,0.498674,0.473538,0.040248,0.612813,0.061281,0.350975,0.01875,0.48429
0.257143,0.501326,0.473538,0.065015,0.512535,0.077994,0.440111,0.04375,0.511376
0.261224,0.501326,0.473538,0.04644,0.632312,0.066852,0.426184,0.01875,0.531961
0.261224,0.498674,0.401114,0.03096,0.462396,0.038997,0.32312,0.01875,0.505959
0.261224,0.498674,0.442897,0.037152,0.51532,0.050139,0.309192,0.021875,0.499458
0.261224,0.498674,0.398329,0.021672,0.523677,0.047354,0.281337,0.00625,0.501625
0.261224,0.498674,0.428969,0.027864,0.579387,0.050139,0.278552,0.009375,0.492958
0.261224,0.498674,0.406685,0.037152,0.498607,0.044568,0.239554,0.021875,0.488624
0.261224,0.501326,0.445682,0.024768,0.5961,0.027855,0.284123,0.0125,0.495125
0.261224,0.501326,0.412256,0.018576,0.476323,0.030641,0.362117,0.009375,0.497291
0.261224,0.501326,0.406685,0.027864,0.576602,0.044568,0.284123,0.0125,0.496208
0.261224,0.501326,0.364903,0.021672,0.4039,0.022284,0.328691,0.0125,0.492958
0.261224,0.501326,0.451253,0.034056,0.529248,0.044568,0.370474,0.015625,0.486457
0.261224,0.501326,0.373259,0.01548,0.495822,0.016713,0.267409,0.003125,0.488624
0.261224,0.501326,0.300836,0.021672,0.48468,0.041783,0.086351,0.003125,0.483207
0.265306,0.501326,0.317549,0.01548,0.376045,0.019499,0.270195,0.009375,0.482124
0.265306,0.501326,0.264624,0.034056,0.303621,0.041783,0.194986,0.021875,0.482124
0.265306,0.501326,0.32312,0.03096,0.465181,0.041783,0.21727,0.0125,0.48429
0.265306,0.501326,0.342618,0.03096,0.440111,0.038997,0.175487,0.009375,0.491874
0.265306,0.501326,0.325905,0.04644,0.362117,0.052925,0.289694,0.03125,0.486457
0.265306,0.501326,0.264624,0.006192,0.359331,0.008357,0.183844,0.003125,0.491874
0.265306,0.501326,0.325905,0.04644,0.389972,0.050139,0.278552,0.03125,0.488624
0.265306,0.501326,0.32312,0.043344,0.398329,0.044568,0.228412,0.03125,0.486457
0.265306,0.501326,0.431755,0.018576,0.610028,0.022284,0.267409,0.00625,0.483207
0.261224,0.501326,0.245125,0.018576,0.356546,0.022284,0.966574,0.00625,0.478873
0.261224,0.501326,0.214485,0.021672,0.392758,0.030641,0.103064,0.009375,0.473456
0.261224,0.501326,0.431755,0.034056,0.465181,0.041783,0.345404,0.021875,0.456121
0.261224,0.503979,0.295265,0.06192,0.317549,0.061281,0.275766,0.05625,0.449621
0.261224,0.506631,0.292479,0.055728,0.325905,0.058496,0.259053,0.046875,0.469122
0.261224,0.509284,0.317549,0.052632,0.342618,0.05571,0.275766,0.040625,0.462622
0.261224,0.509284,0.317549,0.065015,0.345404,0.069638,0.29805,0.053125,0.427952
0.261224,0.511936,0.384401,0.040248,0.526462,0.058496,0.256267,0.021875,0.391116
0.261224,0.514589,0.320334,0.01548,0.381616,0.019499,0.272981,0.00625,0.392199
0.261224,0.519894,0.376045,0.034056,0.456825,0.041783,0.314763,0.01875,0.397616
0.261224,0.519894,0.45961,0.037152,0.54039,0.050139,0.356546,0.025,0.399783
0.261224,0.522546,0.470752,0.049536,0.532033,0.066852,0.409471,0.025,0.391116
0.261224,0.522546,0.437326,0.037152,0.479109,0.041783,0.376045,0.025,0.391116
0.257143,0.525199,0.448468,0.034056,0.493036,0.036212,0.389972,0.0125,0.378115
0.257143,0.525199,0.417827,0.027864,0.465181,0.044568,0.337047,0.0125,0.35753
0.257143,0.527851,0.406685,0.024768,0.54039,0.041783,0.289694,0.00625,0.352113
0.257143,0.527851,0.406685,0.03096,0.467967,0.033426,0.32312,0.021875,0.348862
0.257143,0.530504,0.45961,0.027864,0.509749,0.044568,0.392758,0.015625,0.353196
0.257143,0.530504,0.426184,0.012384,0.610028,0.019499,0.222841,0.00625,0.343445
0.261224,0.530504,0.267409,0.049536,0.32312,0.050139,0.225627,0.040625,0.336945
0.261224,0.533156,0.289694,0.058824,0.32312,0.058496,0.261838,0.046875,0.331528
0.261224,0.533156,0.21727,0.006192,0.334262,0.011142,0.08078,0,0.336945
0.261224,0.535809,0.147632,0.009288,0.192201,0.011142,0.052925,0.00625,0.35428
0.261224,0.533156,0.189415,0.037152,0.208914,0.044568,0.167131,0.028125,0.383532
0.261224,0.533156,0.164345,0.040248,0.178273,0.038997,0.153203,0.034375,0.4052
0.261224,0.530504,0.203343,0.043344,0.222841,0.044568,0.169916,0.0375,0.418202
0.257143,0.527851,0.275766,0.024768,0.32312,0.02507,0.259053,0.01875,0.414951
0.257143,0.525199,0.479109,0.01548,0.67688,0.027855,0.119777,0.003125,0.3987
0.257143,0.525199,0.456825,0.04644,0.493036,0.052925,0.417827,0.034375,0.386782
0.257143,0.525199,0.451253,0.040248,0.48468,0.050139,0.387187,0.009375,0.371614
0.257143,0.527851,0.440111,0.027864,0.493036,0.044568,0.370474,0.009375,0.369447
0.257143,0.530504,0.473538,0.027864,0.640669,0.041783,0.373259,0.009375,0.368364
0.257143,0.530504,0.465181,0.04644,0.545961,0.058496,0.420613,0.01875,0.365114
0.257143,0.530504,0.462396,0.052632,0.48468,0.061281,0.417827,0.028125,0.372698
0.257143,0.530504,0.479109,0.055728,0.51532,0.058496,0.448468,0.04375,0.359697
0.257143,0.533156,0.473538,0.077399,0.495822,0.08078,0.45961,0.046875,0.358613
0.257143,0.533156,0.406685,0.027864,0.51532,0.030641,0.306407,0.0125,0.367281
0.257143,0.533156,0.331476,0.009288,0.657382,0.011142,0.089136,0.003125,0.36403
0.261224,0.533156,0.289694,0.009288,0.376045,0.011142,0.236769,0.003125,0.36078
0.257143,0.533156,0.470752,0.03096,0.554318,0.038997,0.4039,0.0125,0.355363
0.257143,0.533156,0.473538,0.049536,0.493036,0.052925,0.454039,0.01875,0.356446
0.257143,0.533156,0.45961,0.024768,0.545961,0.033426,0.348189,0.009375,0.361863
0.261224,0.533156,0.011142,0.018576,0.069638,0.016713,0.969359,0.0125,0.362947
0.261224,0.533156,0.08078,0.012384,0.211699,0.011142,0,0.009375,0.371614
0.261224,0.530504,0.874652,0.009288,0.933148,0.008357,0.752089,0.00625,0.370531
0.261224,0.530504,0.387187,0.01548,0.487465,0.022284,0.295265,0.009375,0.370531
0.261224,0.530504,0.481894,0.052632,0.51532,0.05571,0.451253,0.034375,0.385699
0.261224,0.527851,0.454039,0.03096,0.493036,0.036212,0.401114,0.01875,0.419285
0.265306,0.525199,0.320334,0.006192,0.373259,0.008357,0.272981,0.003125,0.426869
0.265306,0.522546,0.261838,0.003096,0.376045,0.002786,0.874652,0,0.429036
0.265306,0.519894,0.172702,0.012384,0.178273,0.011142,0.16156,0.009375,0.434453
0.265306,0.519894,0.415042,0.012384,0.571031,0.016713,0.069638,0.003125,0.430119
0.261224,0.517241,0.479109,0.040248,0.534819,0.050139,0.448468,0.028125,0.40195
0.261224,0.519894,0.48468,0.037152,0.509749,0.041783,0.451253,0.028125,0.410618
0.261224,0.522546,0.504178,0.018576,0.5961,0.030641,0.37883,0.003125,0.420368
0.261224,0.522546,0.339833,0.006192,0.543175,0.005571,0.245125,0.003125,0.410618
0.261224,0.522546,0.389972,0.012384,0.543175,0.011142,0.309192,0.00625,0.407367
0.261224,0.522546,0.442897,0.021672,0.498607,0.027855,0.348189,0.00625,0.4052
0.261224,0.522546,0.473538,0.055728,0.537604,0.05571,0.442897,0.04375,0.425785
0.257143,0.519894,0.487465,0.049536,0.512535,0.050139,0.467967,0.04375,0.424702
0.257143,0.519894,0.523677,0.043344,0.54039,0.044568,0.504178,0.0375,0.435536
0.257143,0.517241,0.579387,0.01548,0.623955,0.016713,0.557103,0.00625,0.438787
0.261224,0.514589,0.108635,0.006192,0.4039,0.005571,0.955432,0,0.44312
0.261224,0.511936,0.064067,0.024768,0.08078,0.02507,0.044568,0.021875,0.444204
0.261224,0.511936,0.064067,0.021672,0.100279,0.019499,0.027855,0.015625,0.44312
0.261224,0.509284,0.122563,0.01548,0.239554,0.019499,0.941504,0.003125,0.451788
0.261224,0.509284,0.133705,0.024768,0.158774,0.022284,0.111421,0.01875,0.465872
0.261224,0.506631,0.164345,0.021672,0.175487,0.019499,0.144847,0.01875,0.448537
0.261224,0.503979,0.178273,0.03096,0.194986,0.027855,0.155989,0.03125,0.47454
0.261224,0.501326,0.222841,0.037152,0.275766,0.041783,0.181058,0.025,0.469122
0.261224,0.498674,0.214485,0.03096,0.236769,0.030641,0.189415,0.025,0.459372
0.261224,0.498674,0.172702,0.040248,0.183844,0.038997,0.164345,0.0375,0.453954
0.261224,0.501326,0.155989,0.058824,0.18663,0.058496,0.122563,0.053125,0.553629
0.261224,0.498674,0.167131,0.058824,0.175487,0.052925,0.158774,0.05625,0.583965
0.261224,0.493369,0.189415,0.049536,0.197772,0.044568,0.189415,0.046875,0.605634
0.261224,0.490716,0.214485,0.052632,0.21727,0.047354,0.214485,0.05,0.602384
0.261224,0.485411,0.259053,0.034056,0.267409,0.030641,0.247911,0.028125,0.599133
0.261224,0.482759,0.359331,0.009288,0.412256,0.011142,0.303621,0.00625,0.510293
0.257143,0.485411,0.440111,0.012384,0.660167,0.016713,0.314763,0.003125,0.470206
0.257143,0.490716,0.423398,0.021672,0.495822,0.022284,0.306407,0.009375,0.459372
0.261224,0.493369,0.395543,0.01548,0.501393,0.019499,0.292479,0.009375,0.450704
0.261224,0.498674,0.272981,0.021672,0.331476,0.019499,0.214485,0.015625,0.44312
0.265306,0.501326,0.206128,0.024768,0.281337,0.030641,0.158774,0.0125,0.437703
0.265306,0.503979,0.181058,0.034056,0.220056,0.036212,0.139276,0.028125,0.449621
0.265306,0.503979,0.231198,0.024768,0.272981,0.027855,0.189415,0.01875,0.440953
0.261224,0.506631,0.32312,0.018576,0.35376,0.016713,0.264624,0.015625,0.445287
0.261224,0.506631,0.362117,0.012384,0.440111,0.016713,0.270195,0.00625,0.44312
0.261224,0.506631,0.476323,0.052632,0.51532,0.050139,0.431755,0.04375,0.409534
0.257143,0.509284,0.45961,0.06192,0.506964,0.058496,0.445682,0.053125,0.390033
0.261224,0.514589,0.448468,0.037152,0.470752,0.041783,0.423398,0.01875,0.377031
0.261224,0.517241,0.43454,0.037152,0.467967,0.052925,0.356546,0.015625,0.387866
0.257143,0.517241,0.43454,0.03096,0.518106,0.038997,0.32312,0.015625,0.390033
0.261224,0.519894,0.409471,0.027864,0.48468,0.027855,0.314763,0.021875,0.382449
0.261224,0.519894,0.448468,0.034056,0.520891,0.041783,0.345404,0.021875,0.390033
0.261224,0.519894,0.732591,0.006192,0.924791,0.008357,0.590529,0.003125,0.393283
0.261224,0.519894,0.267409,0.027864,0.32312,0.027855,0.211699,0.009375,0.397616
0.261224,0.517241,0.142061,0.068111,0.155989,0.066852,0.119777,0.0625,0.404117
0.261224,0.517241,0.142061,0.077399,0.153203,0.075209,0.130919,0.065625,0.449621
0.261224,0.514589,0.133705,0.089783,0.164345,0.091922,0.100279,0.06875,0.551463
0.257143,0.493369,0.24234,0.037152,0.261838,0.033426,0.222841,0.034375,0.509209
0.257143,0.485411,0.364903,0.021672,0.506964,0.027855,0.259053,0.009375,0.453954
0.257143,0.485411,0.119777,0.003096,0.43454,0.011142,0.908078,0,0.460455
0.257143,0.488064,0.203343,0.03096,0.228412,0.030641,0.189415,0.025,0.461538
0.261224,0.490716,0.295265,0.037152,0.320334,0.033426,0.264624,0.03125,0.453954
0.257143,0.493369,0.470752,0.03096,0.512535,0.038997,0.440111,0.01875,0.460455
0.257143,0.496021,0.45961,0.040248,0.479109,0.041783,0.423398,0.025,0.444204
0.257143,0.498674,0.29805,0.018576,0.32312,0.022284,0.275766,0.009375,0.433369
0.261224,0.503979,0.153203,0.052632,0.167131,0.052925,0.13649,0.04375,0.43987
0.261224,0.503979,0.153203,0.074303,0.169916,0.075209,0.139276,0.0625,0.447454
0.261224,0.506631,0.13649,0.102167,0.16156,0.097493,0.125348,0.09375,0.508126
0.261224,0.501326,0.164345,0.080495,0.18663,0.08078,0.142061,0.078125,0.529794
0.261224,0.493369,0.253482,0.049536,0.289694,0.050139,0.231198,0.040625,0.527627
0.257143,0.490716,0.456825,0.040248,0.490251,0.044568,0.406685,0.025,0.458288
0.253061,0.493369,0.481894,0.083591,0.504178,0.083565,0.462396,0.071875,0.447454
0.24898,0.501326,0.548747,0.058824,0.579387,0.05571,0.520891,0.053125,0.527627
0.24898,0.490716,0.509749,0.080495,0.51532,0.072423,0.504178,0.078125,0.465872
0.24898,0.490716,0.504178,0.071207,0.520891,0.066852,0.48468,0.059375,0.43662
0.253061,0.498674,0.356546,0.018576,0.420613,0.022284,0.155989,0.015625,0.442037
0.257143,0.501326,0.206128,0.049536,0.214485,0.050139,0.181058,0.04375,0.422535
0.257143,0.503979,0.200557,0.058824,0.21727,0.058496,0.192201,0.04375,0.399783
0.257143,0.501326,0.220056,0.04644,0.259053,0.047354,0.183844,0.034375,0.485374
0.261224,0.496021,0.537604,0.058824,0.582173,0.05571,0.51532,0.046875,0.498375
0.261224,0.480106,0.532033,0.086687,0.548747,0.077994,0.51532,0.08125,0.622969
0.257143,0.440318,0.571031,0.037152,0.587744,0.036212,0.554318,0.028125,0.673889
0.257143,0.411141,0.350975,0.03096,0.381616,0.030641,0.325905,0.021875,0.673889
0.257143,0.397878,0.370474,0.012384,0.445682,0.013928,0.314763,0.009375,0.56013
0.257143,0.408488,0.261838,0.034056,0.300836,0.030641,0.231198,0.028125,0.547129
0.257143,0.424403,0.181058,0.052632,0.189415,0.050139,0.167131,0.046875,0.512459
0.257143,0.437666,0.203343,0.049536,0.211699,0.047354,0.194986,0.046875,0.502709
0.261224,0.450928,0.153203,0.074303,0.178273,0.069638,0.128134,0.0625,0.549296
0.261224,0.458886,0.197772,0.068111,0.206128,0.061281,0.18663,0.065625,0.542795
0.261224,0.461538,0.200557,0.058824,0.208914,0.052925,0.192201,0.053125,0.538462
0.257143,0.466844,0.164345,0.055728,0.169916,0.052925,0.153203,0.05,0.51896
0.257143,0.469496,0.153203,0.04644,0.16156,0.041783,0.147632,0.04375,0.521127
0.257143,0.472149,0.158774,0.049536,0.175487,0.047354,0.144847,0.04375,0.537378
0.257143,0.474801,0.158774,0.043344,0.172702,0.041783,0.144847,0.0375,0.546046
0.257143,0.474801,0.164345,0.049536,0.172702,0.044568,0.155989,0.04375,0.547129
0.257143,0.474801,0.167131,0.043344,0.178273,0.038997,0.16156,0.0375,0.529794
0.257143,0.477454,0.194986,0.052632,0.203343,0.047354,0.18663,0.05,0.564464
0.257143,0.477454,0.220056,0.040248,0.222841,0.038997,0.214485,0.0375,0.551463
0.257143,0.477454,0.376045,0.021672,0.48468,0.022284,0.32312,0.0125,0.514626
0.261224,0.480106,0.462396,0.04644,0.520891,0.047354,0.415042,0.03125,0.47779
0.261224,0.485411,0.456825,0.037152,0.48468,0.038997,0.431755,0.028125,0.468039
0.261224,0.490716,0.228412,0.021672,0.264624,0.022284,0.175487,0.015625,0.472373
0.261224,0.493369,0.144847,0.018576,0.181058,0.016713,0.050139,0.0125,0.457205
0.261224,0.496021,0.462396,0.03096,0.48468,0.036212,0.426184,0.021875,0.453954
0.261224,0.496021,0.467967,0.06192,0.481894,0.061281,0.451253,0.05625,0.448537
0.261224,0.498674,0.462396,0.083591,0.470752,0.077994,0.456825,0.075,0.444204
0.261224,0.501326,0.504178,0.049536,0.526462,0.05571,0.487465,0.040625,0.449621
0.261224,0.503979,0.45961,0.065015,0.470752,0.064067,0.43454,0.0375,0.43662
0.261224,0.503979,0.462396,0.058824,0.476323,0.05571,0.437326,0.053125,0.446371
0.257143,0.506631,0.445682,0.027864,0.490251,0.027855,0.389972,0.01875,0.419285
0.257143,0.506631,0.467967,0.052632,0.476323,0.05571,0.440111,0.0375,0.352113
0.257143,0.509284,0.481894,0.083591,0.490251,0.077994,0.473538,0.078125,0.335861
0.257143,0.514589,0.504178,0.095975,0.512535,0.089136,0.487465,0.090625,0.306609
0.257143,0.519894,0.51532,0.080495,0.537604,0.077994,0.498607,0.059375,0.329361
0.261224,0.517241,0.548747,0.052632,0.568245,0.052925,0.523677,0.040625,0.557963
0.261224,0.485411,0.292479,0.034056,0.303621,0.033426,0.275766,0.025,0.595883
0.261224,0.456233,0.306407,0.04644,0.320334,0.041783,0.281337,0.040625,0.469122
0.261224,0.461538,0.256267,0.024768,0.289694,0.02507,0.194986,0.01875,0.475623
0.261224,0.466844,0.220056,0.021672,0.267409,0.02507,0.172702,0.0125,0.435536
0.261224,0.472149,0.548747,0.018576,0.598886,0.022284,0.462396,0.00625,0.421452
0.265306,0.469496,0.532033,0.083591,0.56546,0.077994,0.512535,0.078125,0.632719
0.265306,0.435013,0.582173,0.034056,0.598886,0.036212,0.56546,0.028125,0.682557
0.265306,0.405836,0.220056,0.04644,0.259053,0.044568,0.189415,0.03125,0.704225
0.265306,0.395225,0.103064,0.055728,0.147632,0.061281,0.016713,0.0375,0.619718
0.269388,0.397878,0.030641,0.043344,0.058496,0.050139,0.011142,0.03125,0.737811
0.273469,0.387268,0.203343,0.049536,0.233983,0.058496,0.155989,0.034375,0.76273
0.269388,0.376658,1,0.043344,0.022284,0.050139,0.966574,0.025,0.783315
0.265306,0.363395,0.130919,0.012384,0.153203,0.013928,0.083565,0.009375,0.811484
0.265306,0.35809,0.445682,0.012384,0.48468,0.013928,0.395543,0.00625,0.806067
0.265306,0.360743,0.54039,0.06192,0.551532,0.058496,0.523677,0.05625,0.821235
0.265306,0.35809,0.526462,0.04644,0.545961,0.050139,0.501393,0.040625,0.836403
0.269388,0.352785,0.51532,0.058824,0.537604,0.058496,0.495822,0.05,0.847237
0.273469,0.34748,0.526462,0.037152,0.545961,0.038997,0.498607,0.025,0.856988
0.273469,0.342175,0.203343,0.052632,0.222841,0.050139,0.178273,0.05,0.873239
0.273469,0.339523,0.128134,0.058824,0.142061,0.061281,0.114206,0.046875,0.884074
0.273469,0.33687,0.097493,0.068111,0.119777,0.064067,0.083565,0.05625,0.892741
0.273469,0.334218,0.13649,0.012384,0.247911,0.013928,0.002786,0.009375,0.900325
0.277551,0.334218,0.557103,0.049536,0.5961,0.050139,0.518106,0.040625,0.905742
0.277551,0.331565,0.529248,0.071207,0.543175,0.077994,0.509749,0.05625,0.907909
0.273469,0.328912,0.545961,0.052632,0.582173,0.050139,0.51532,0.04375,0.912243
0.273469,0.32626,0.590529,0.040248,0.629526,0.038997,0.54039,0.028125,0.91766
0.273469,0.32626,0.54039,0.058824,0.554318,0.05571,0.526462,0.046875,0.921993
0.273469,0.323607,0.545961,0.06192,0.56546,0.061281,0.526462,0.05625,0.92416
0.273469,0.320955,0.559889,0.068111,0.593315,0.075209,0.518106,0.059375,0.928494
0.273469,0.320955,0.534819,0.065015,0.545961,0.066852,0.518106,0.05625,0.931744
0.273469,0.318302,0.518106,0.077399,0.526462,0.077994,0.512535,0.071875,0.931744
0.277551,0.31565,0.5961,0.034056,0.604457,0.033426,0.582173,0.025,0.933911
0.277551,0.312997,0.047354,0.009288,0.100279,0.011142,0.899721,0.003125,0.938245
0.277551,0.312997,0.192201,0.009288,0.395543,0.008357,0.997214,0.003125,0.941495
0.277551,0.312997,0.849582,0.01548,0.880223,0.013928,0.805014,0.009375,0.946912
0.281633,0.31565,0.67688,0.003096,0.805014,0.002786,0.534819,0,0.949079
0.281633,0.31565,0.236769,0.006192,0.465181,0.008357,0.033426,0.003125,0.951246
0.281633,0.318302,0.122563,0.040248,0.142061,0.041783,0.094708,0.034375,0.953413
0.281633,0.318302,0.130919,0.074303,0.142061,0.069638,0.116992,0.06875,0.954496
0.281633,0.318302,0.122563,0.065015,0.144847,0.061281,0.10585,0.059375,0.954496
0.281633,0.31565,0.231198,0.01548,0.317549,0.019499,0.192201,0.009375,0.953413
0.281633,0.31565,0.537604,0.080495,0.562674,0.075209,0.520891,0.075,0.95558
0.281633,0.31565,0.506964,0.04644,0.532033,0.044568,0.481894,0.04375,0.954496
0.277551,0.312997,0.181058,0.04644,0.194986,0.047354,0.164345,0.040625,0.956663
0.281633,0.31565,0.086351,0.052632,0.10585,0.052925,0.075209,0.05,0.959913
0.281633,0.318302,0.066852,0.040248,0.128134,0.038997,0.022284,0.034375,0.95883
0.281633,0.318302,0.016713,0.027864,0.147632,0.033426,0.955432,0.01875,0.957746
0.285714,0.31565,0.08078,0.021672,0.155989,0.027855,0.969359,0.015625,0.957746
0.285714,0.31565,0.479109,0.03096,0.562674,0.030641,0.406685,0.025,0.95883
0.285714,0.31565,0.51532,0.027864,0.543175,0.02507,0.476323,0.021875,0.959913
0.285714,0.318302,0.83844,0.027864,0.877437,0.030641,0.779944,0.021875,0.960997
0.285714,0.318302,0.089136,0.055728,0.119777,0.052925,0.075209,0.046875,0.960997
0.285714,0.31565,0.094708,0.080495,0.10585,0.075209,0.089136,0.071875,0.959913
0.285714,0.312997,0.150418,0.058824,0.175487,0.05571,0.13649,0.05,0.95883
0.289796,0.312997,0.635097,0.03096,0.67688,0.036212,0.506964,0.00625,0.960997
0.289796,0.312997,0.587744,0.052632,0.629526,0.05571,0.551532,0.034375,0.963164
0.289796,0.31565,0.562674,0.027864,0.587744,0.030641,0.537604,0.021875,0.964247
0.285714,0.312997,0.501393,0.006192,0.67688,0.011142,0.381616,0,0.963164
0.285714,0.312997,0.128134,0.018576,0.172702,0.016713,0.058496,0.0125,0.964247
0.289796,0.31565,0.470752,0.009288,0.604457,0.011142,0.32312,0.003125,0.96533
0.289796,0.31565,0.512535,0.012384,0.548747,0.013928,0.479109,0.009375,0.966414
0.289796,0.31565,0.041783,0.040248,0.091922,0.041783,0.005571,0.0375,0.966414
0.285714,0.31565,0.061281,0.074303,0.086351,0.069638,0.044568,0.065625,0.964247
0.285714,0.310345,0.075209,0.058824,0.091922,0.05571,0.05571,0.053125,0.96208
0.289796,0.310345,0.292479,0.027864,0.345404,0.036212,0.158774,0.015625,0.963164
0.293878,0.310345,0.504178,0.04644,0.532033,0.052925,0.456825,0.0375,0.96533
0.289796,0.312997,0.916435,0.009288,0.158774,0.011142,0.735376,0.003125,0.967497
0.289796,0.312997,0.125348,0.043344,0.24234,0.044568,0.008357,0.025,0.967497
0.293878,0.312997,0.264624,0.009288,0.309192,0.011142,0.236769,0.00625,0.967497
0.293878,0.312997,0.660167,0.03096,0.688022,0.030641,0.618384,0.025,0.968581
0.293878,0.312997,0.576602,0.01548,0.607242,0.022284,0.526462,0.009375,0.969664
0.293878,0.31565,0.559889,0.018576,0.679666,0.027855,0.426184,0.009375,0.970748
0.297959,0.31565,0.537604,0.003096,0.846797,0.002786,0.342618,0,0.970748
0.293878,0.318302,0.718663,0.006192,0.961003,0.011142,0.534819,0,0.971831
0.293878,0.318302,0.050139,0.003096,0.284123,0.002786,0.651811,0,0.971831
0.297959,0.318302,0.423398,0.018576,0.532033,0.02507,0.359331,0.0125,0.971831
0.297959,0.318302,0.523677,0.068111,0.534819,0.064067,0.506964,0.059375,0.971831
0.293878,0.31565,0.545961,0.06192,0.56546,0.066852,0.526462,0.053125,0.969664
0.293878,0.312997,0.470752,0.043344,0.501393,0.044568,0.437326,0.034375,0.968581
0.293878,0.312997,0.314763,0.003096,0.534819,0.005571,0.927577,0,0.969664
0.293878,0.312997,0.027855,0.04644,0.052925,0.044568,0.008357,0.040625,0.970748
0.293878,0.31565,0.008357,0.021672,0.064067,0.022284,0.958217,0.015625,0.971831
0.293878,0.31565,0.395543,0.006192,0.584958,0.008357,0.10585,0,0.972914
0.293878,0.318302,0.537604,0.04644,0.56546,0.05571,0.512535,0.028125,0.972914
0.293878,0.318302,0.598886,0.027864,0.732591,0.033426,0.509749,0.01875,0.971831
0.293878,0.318302,0.598886,0.01548,0.752089,0.016713,0.526462,0.009375,0.971831
0.297959,0.318302,0.376045,0.003096,0.590529,0.005571,0.094708,0,0.972914
0.293878,0.318302,0.607242,0.03096,0.70195,0.041783,0.498607,0.01875,0.972914
0.293878,0.318302,0.598886,0.055728,0.618384,0.052925,0.584958,0.05,0.971831
0.293878,0.31565,0.493036,0.065015,0.518106,0.075209,0.462396,0.04375,0.970748
0.293878,0.31565,0.512535,0.092879,0.520891,0.086351,0.506964,0.0875,0.970748
0.293878,0.312997,0.504178,0.080495,0.51532,0.072423,0.495822,0.075,0.969664
0.297959,0.310345,0.37883,0.009288,0.696379,0.011142,0.094708,0.003125,0.969664
0.297959,0.312997,0.51532,0.012384,0.584958,0.013928,0.426184,0.009375,0.971831
0.293878,0.312997,0.554318,0.055728,0.576602,0.050139,0.532033,0.05,0.972914
0.293878,0.31565,0.534819,0.077399,0.548747,0.072423,0.523677,0.075,0.972914
0.289796,0.31565,0.526462,0.052632,0.537604,0.047354,0.506964,0.046875,0.972914
0.289796,0.31565,0.200557,0.018576,0.231198,0.02507,0.153203,0.0125,0.972914
0.293878,0.31565,0.133705,0.043344,0.200557,0.050139,0.083565,0.021875,0.973998
0.293878,0.318302,0.877437,0.012384,0.941504,0.016713,0.821727,0.003125,0.975081
0.293878,0.320955,0.651811,0.024768,0.699164,0.02507,0.5961,0.01875,0.976165
0.297959,0.320955,0.504178,0.065015,0.520891,0.064067,0.479109,0.053125,0.975081
0.293878,0.320955,0.520891,0.06192,0.551532,0.061281,0.479109,0.05625,0.973998
0.293878,0.318302,0.456825,0.04644,0.495822,0.052925,0.392758,0.03125,0.973998
0.293878,0.318302,0.027855,0.034056,0.072423,0.044568,0.991643,0.021875,0.973998
0.293878,0.320955,0.016713,0.052632,0.044568,0.052925,0.994429,0.046875,0.976165
0.293878,0.320955,0.512535,0.04644,0.562674,0.075209,0.437326,0.021875,0.975081
0.293878,0.320955,0.543175,0.102167,0.554318,0.097493,0.534819,0.096875,0.973998
0.297959,0.318302,0.520891,0.077399,0.532033,0.075209,0.51532,0.071875,0.972914
0.297959,0.31565,0.45961,0.049536,0.495822,0.052925,0.406685,0.0375,0.971831
0.297959,0.31565,0.56546,0.012384,0.685237,0.016713,0.448468,0.00625,0.971831
0.293878,0.31565,0.571031,0.009288,0.718663,0.011142,0.278552,0.003125,0.972914
0.293878,0.318302,0.573816,0.034056,0.5961,0.041783,0.557103,0.015625,0.972914
0.293878,0.318302,0.545961,0.083591,0.579387,0.089136,0.526462,0.0625,0.973998
0.293878,0.318302,0.48468,0.080495,0.501393,0.077994,0.470752,0.071875,0.972914
0.289796,0.318302,0.45961,0.034056,0.498607,0.041783,0.392758,0.025,0.972914
0.289796,0.318302,0.200557,0.055728,0.211699,0.050139,0.194986,0.05,0.971831
0.289796,0.31565,0.089136,0.04644,0.153203,0.05571,0.022284,0.03125,0.966414
0.289796,0.318302,0.02507,0.037152,0.072423,0.038997,0.011142,0.021875,0.969664
0.289796,0.320955,0.969359,0.03096,0.988858,0.030641,0.949861,0.028125,0.968581
0.293878,0.320955,0.571031,0.040248,0.612813,0.038997,0.512535,0.03125,0.969664
0.293878,0.323607,0.612813,0.04644,0.64624,0.047354,0.548747,0.0375,0.969664
0.293878,0.323607,0.793872,0.018576,0.830084,0.022284,0.771588,0.00625,0.968581
0.293878,0.32626,0.969359,0.037152,0.005571,0.036212,0.924791,0.03125,0.969664
0.293878,0.32626,0.050139,0.040248,0.100279,0.047354,0.997214,0.025,0.969664
0.293878,0.328912,0.554318,0.006192,0.830084,0.011142,0.303621,0.003125,0.970748
0.297959,0.328912,0.495822,0.068111,0.501393,0.066852,0.481894,0.0625,0.969664
0.293878,0.32626,0.615599,0.021672,0.660167,0.022284,0.473538,0.009375,0.967497
0.293878,0.32626,0.880223,0.01548,0.064067,0.027855,0.64624,0.00625,0.966414
0.293878,0.32626,0.832869,0.003096,0.18663,0.005571,0.584958,0,0.966414
0.293878,0.328912,0.554318,0.040248,0.582173,0.038997,0.529248,0.034375,0.967497
0.293878,0.328912,0.509749,0.03096,0.554318,0.036212,0.448468,0.025,0.967497
0.293878,0.328912,0.495822,0.03096,0.529248,0.030641,0.454039,0.01875,0.968581
0.289796,0.328912,0.476323,0.03096,0.518106,0.027855,0.415042,0.025,0.966414
0.289796,0.328912,0.398329,0.012384,0.543175,0.016713,0.309192,0.00625,0.966414
0.289796,0.328912,0.518106,0.034056,0.548747,0.036212,0.495822,0.028125,0.96533
0.289796,0.328912,0.509749,0.052632,0.548747,0.05571,0.45961,0.034375,0.966414
0.293878,0.331565,0.139276,0.040248,0.220056,0.047354,0.089136,0.015625,0.967497
0.293878,0.334218,0.108635,0.021672,0.142061,0.033426,0.075209,0.009375,0.967497
0.293878,0.334218,0.08078,0.009288,0.275766,0.011142,0.771588,0.003125,0.967497
0.293878,0.33687,0.966574,0.009288,0.038997,0.011142,0.905292,0.00625,0.967497
0.293878,0.33687,0.094708,0.01548,0.228412,0.016713,0.877437,0.009375,0.967497
0.293878,0.33687,0.941504,0.006192,0.044568,0.008357,0.662953,0.003125,0.966414
0.297959,0.33687,0.206128,0.037152,0.275766,0.041783,0.133705,0.025,0.964247
0.297959,0.33687,0.389972,0.024768,0.462396,0.030641,0.306407,0.009375,0.963164
0.293878,0.334218,0.582173,0.037152,0.637883,0.047354,0.490251,0.01875,0.96208
0.289796,0.334218,0.629526,0.018576,0.693593,0.022284,0.593315,0.009375,0.960997
0.293878,0.334218,0.320334,0.012384,0.409471,0.013928,0.261838,0.009375,0.960997
0.297959,0.33687,0.044568,0.01548,0.139276,0.016713,0.961003,0.009375,0.963164
0.293878,0.339523,0.941504,0.01548,0.16156,0.022284,0.860724,0.00625,0.964247
0.297959,0.339523,0.523677,0.012384,0.607242,0.016713,0.451253,0.003125,0.964247
0.297959,0.342175,0.448468,0.006192,0.545961,0.005571,0.239554,0.003125,0.96533
0.297959,0.342175,0.498607,0.04644,0.512535,0.05571,0.465181,0.028125,0.963164
0.297959,0.339523,0.518106,0.058824,0.523677,0.05571,0.501393,0.05,0.95883
0.297959,0.334218,0.532033,0.065015,0.548747,0.061281,0.526462,0.059375,0.954496
0.297959,0.331565,0.48468,0.034056,0.548747,0.033426,0.325905,0.025,0.953413
0.293878,0.334218,0.02507,0.034056,0.103064,0.033426,0.97493,0.025,0.957746
0.293878,0.33687,0.061281,0.040248,0.075209,0.044568,0.047354,0.03125,0.95883
0.297959,0.339523,0.498607,0.034056,0.576602,0.050139,0.395543,0.0125,0.960997
0.297959,0.342175,0.543175,0.092879,0.559889,0.091922,0.529248,0.08125,0.95883
0.302041,0.334218,0.490251,0.071207,0.51532,0.075209,0.462396,0.040625,0.952329
0.302041,0.334218,0.286908,0.006192,0.534819,0.008357,0.086351,0.003125,0.953413
0.297959,0.33687,0.470752,0.006192,0.78273,0.005571,0.130919,0.003125,0.95558
0.297959,0.339523,0.573816,0.027864,0.607242,0.027855,0.523677,0.025,0.957746
0.302041,0.339523,0.462396,0.04644,0.487465,0.044568,0.387187,0.0375,0.95558
0.302041,0.33687,0.576602,0.04644,0.598886,0.044568,0.551532,0.040625,0.953413
0.302041,0.334218,0.490251,0.065015,0.526462,0.066852,0.448468,0.053125,0.952329
0.302041,0.331565,0.370474,0.009288,0.562674,0.011142,0.233983,0.003125,0.951246
0.302041,0.334218,0.568245,0.021672,0.632312,0.02507,0.537604,0.0125,0.954496
0.297959,0.334218,0.551532,0.043344,0.571031,0.044568,0.529248,0.0375,0.951246
0.302041,0.331565,0.593315,0.03096,0.612813,0.030641,0.571031,0.025,0.947996
0.302041,0.328912,0.504178,0.077399,0.51532,0.072423,0.493036,0.06875,0.949079
0.302041,0.328912,0.629526,0.034056,0.651811,0.038997,0.610028,0.025,0.947996
0.302041,0.328912,0.601671,0.04644,0.62117,0.044568,0.584958,0.040625,0.950163
0.302041,0.328912,0.582173,0.012384,0.779944,0.022284,0.4039,0.003125,0.952329
0.302041,0.331565,0.295265,0.01548,0.37883,0.022284,0.178273,0.003125,0.954496
0.302041,0.334218,0.506964,0.037152,0.51532,0.038997,0.495822,0.034375,0.954496
0.302041,0.331565,0.568245,0.027864,0.598886,0.030641,0.518106,0.01875,0.953413
0.302041,0.334218,0.532033,0.058824,0.548747,0.058496,0.51532,0.053125,0.95558
0.302041,0.334218,0.481894,0.052632,0.498607,0.052925,0.454039,0.040625,0.954496
0.302041,0.334218,0.537604,0.021672,0.559889,0.02507,0.465181,0.009375,0.95558
0.302041,0.33687,0.13649,0.018576,0.328691,0.027855,1,0.009375,0.957746
0.302041,0.342175,0.005571,0.018576,0.175487,0.030641,0.771588,0.0125,0.960997
0.302041,0.344828,0.660167,0.01548,0.835655,0.019499,0.559889,0.009375,0.959913
0.306122,0.344828,0.520891,0.037152,0.551532,0.038997,0.470752,0.03125,0.956663
0.306122,0.344828,0.832869,0.018576,0.972145,0.022284,0.727019,0.00625,0.954496
0.306122,0.344828,0.175487,0.018576,0.286908,0.027855,0.086351,0.00625,0.954496
0.302041,0.350133,0.016713,0.01548,0.451253,0.019499,0.81337,0.003125,0.95558
0.302041,0.352785,0.551532,0.068111,0.582173,0.075209,0.518106,0.053125,0.952329
0.306122,0.34748,0.51532,0.077399,0.523677,0.075209,0.501393,0.065625,0.942579
0.306122,0.342175,0.543175,0.049536,0.582173,0.050139,0.506964,0.040625,0.934995
0.302041,0.339523,0.590529,0.04644,0.607242,0.050139,0.579387,0.034375,0.933911
0.302041,0.33687,0.543175,0.058824,0.562674,0.064067,0.512535,0.046875,0.933911
0.306122,0.33687,0.590529,0.024768,0.626741,0.038997,0.518106,0.00625,0.934995
0.306122,0.33687,0.637883,0.040248,0.660167,0.041783,0.618384,0.03125,0.938245
0.306122,0.33687,0.509749,0.043344,0.615599,0.050139,0.465181,0.015625,0.937161
0.306122,0.339523,0.824513,0.024768,0.857939,0.027855,0.807799,0.01875,0.936078
0.310204,0.339523,0.108635,0.012384,0.281337,0.022284,0.885794,0.003125,0.937161
0.310204,0.342175,0.735376,0.012384,0.818942,0.016713,0.548747,0.003125,0.942579
0.310204,0.34748,0.841226,0.024768,0.888579,0.02507,0.81337,0.01875,0.942579
0.306122,0.350133,0.094708,0.043344,0.130919,0.044568,0.058496,0.03125,0.940412
0.310204,0.350133,0.590529,0.024768,0.665738,0.030641,0.548747,0.009375,0.938245
0.310204,0.352785,0.5961,0.068111,0.623955,0.064067,0.56546,0.05625,0.936078
0.310204,0.350133,0.51532,0.049536,0.593315,0.058496,0.470752,0.028125,0.925244
0.306122,0.344828,0.253482,0.006192,0.487465,0.013928,0.994429,0,0.923077
0.306122,0.34748,0.169916,0.06192,0.197772,0.061281,0.122563,0.04375,0.927411
0.306122,0.350133,0.16156,0.04644,0.175487,0.044568,0.130919,0.034375,0.928494
0.310204,0.355438,0.487465,0.024768,0.559889,0.036212,0.45961,0.009375,0.926327
0.310204,0.35809,0.48468,0.052632,0.51532,0.05571,0.423398,0.04375,0.916576
0.310204,0.352785,0.518106,0.055728,0.543175,0.061281,0.498607,0.046875,0.908992
0.310204,0.350133,0.526462,0.068111,0.559889,0.077994,0.493036,0.05625,0.906826
0.310204,0.34748,0.582173,0.03096,0.5961,0.038997,0.568245,0.01875,0.907909
0.310204,0.344828,0.456825,0.058824,0.48468,0.05571,0.431755,0.05,0.915493
0.310204,0.350133,0.401114,0.018576,0.679666,0.041783,0.21727,0.00625,0.921993
0.310204,0.352785,0.545961,0.068111,0.573816,0.064067,0.523677,0.0625,0.915493
0.310204,0.350133,0.481894,0.080495,0.509749,0.077994,0.454039,0.071875,0.908992
0.310204,0.34748,0.261838,0.012384,0.35376,0.022284,0.133705,0.003125,0.913326
0.310204,0.352785,0.281337,0.043344,0.317549,0.041783,0.264624,0.0375,0.919827
0.310204,0.360743,0.465181,0.049536,0.520891,0.061281,0.423398,0.021875,0.913326
0.314286,0.363395,0.487465,0.012384,0.690808,0.019499,0.250696,0.00625,0.903575
0.314286,0.3687,0.518106,0.080495,0.534819,0.077994,0.487465,0.071875,0.889491
0.314286,0.360743,0.512535,0.080495,0.532033,0.08078,0.493036,0.06875,0.877573
0.314286,0.352785,0.532033,0.083591,0.557103,0.08078,0.51532,0.078125,0.884074
0.314286,0.344828,0.548747,0.037152,0.593315,0.038997,0.518106,0.028125,0.893824
0.318367,0.344828,0.562674,0.009288,0.766017,0.011142,0.367688,0,0.910076
0.318367,0.350133,0.56546,0.058824,0.590529,0.058496,0.548747,0.046875,0.910076
0.318367,0.34748,0.520891,0.068111,0.590529,0.100279,0.45961,0.03125,0.905742
0.318367,0.344828,0.501393,0.071207,0.557103,0.075209,0.456825,0.065625,0.903575
0.318367,0.344828,0.512535,0.086687,0.545961,0.083565,0.48468,0.0625,0.908992
0.318367,0.344828,0.440111,0.055728,0.470752,0.05571,0.398329,0.0375,0.907909
0.322449,0.344828,0.532033,0.04644,0.610028,0.061281,0.456825,0.025,0.91441
0.322449,0.34748,0.501393,0.058824,0.545961,0.066852,0.467967,0.040625,0.913326
0.318367,0.34748,0.479109,0.068111,0.495822,0.064067,0.462396,0.05,0.905742
0.322449,0.344828,0.437326,0.037152,0.490251,0.041783,0.387187,0.025,0.906826
0.322449,0.350133,0.509749,0.058824,0.54039,0.058496,0.487465,0.053125,0.911159
0.322449,0.352785,0.509749,0.04644,0.554318,0.050139,0.473538,0.028125,0.908992
0.326531,0.35809,0.194986,0.052632,0.222841,0.064067,0.155989,0.04375,0.913326
0.322449,0.363395,0.376045,0.006192,0.657382,0.011142,0.164345,0.003125,0.910076
0.322449,0.3687,0.401114,0.01548,0.612813,0.019499,0.16156,0.003125,0.901408
0.326531,0.376658,0.465181,0.06192,0.501393,0.066852,0.428969,0.046875,0.893824
0.326531,0.37931,0.543175,0.049536,0.579387,0.047354,0.51532,0.040625,0.87649
0.326531,0.37931,0.593315,0.083591,0.612813,0.083565,0.582173,0.071875,0.869989
0.326531,0.37931,0.562674,0.04644,0.5961,0.044568,0.532033,0.040625,0.864572
0.326531,0.37931,0.490251,0.052632,0.537604,0.058496,0.381616,0.028125,0.864572
0.326531,0.37931,0.509749,0.037152,0.573816,0.044568,0.470752,0.01875,0.861322
0.326531,0.37931,0.454039,0.009288,0.713092,0.011142,0.259053,0.003125,0.864572
0.326531,0.381963,0.100279,0.034056,0.208914,0.041783,0.02507,0.01875,0.862405
0.330612,0.384615,0.052925,0.040248,0.100279,0.047354,0.005571,0.03125,0.856988
0.326531,0.387268,0.05571,0.027864,0.111421,0.030641,0.969359,0.01875,0.855905
0.330612,0.392573,0.348189,0.018576,0.451253,0.02507,0.066852,0.00625,0.850488
0.330612,0.397878,0.518106,0.06192,0.548747,0.066852,0.476323,0.05625,0.84507
0.330612,0.400531,0.501393,0.043344,0.579387,0.050139,0.448468,0.028125,0.823402
0.330612,0.397878,0.626741,0.055728,0.693593,0.066852,0.598886,0.01875,0.817985
0.330612,0.395225,0.548747,0.027864,0.643454,0.052925,0.412256,0.0125,0.811484
0.334694,0.38992,0.529248,0.06192,0.548747,0.064067,0.493036,0.05,0.820152
0.330612,0.387268,0.62117,0.074303,0.665738,0.083565,0.571031,0.059375,0.827736
0.334694,0.387268,0.640669,0.027864,0.735376,0.033426,0.576602,0.021875,0.826652
0.334694,0.387268,0.462396,0.043344,0.504178,0.041783,0.398329,0.0375,0.826652
0.334694,0.384615,0.493036,0.06192,0.554318,0.061281,0.462396,0.034375,0.832069
0.334694,0.384615,0.632312,0.040248,0.679666,0.038997,0.573816,0.03125,0.836403
0.334694,0.387268,0.610028,0.049536,0.635097,0.050139,0.554318,0.0375,0.828819
0.334694,0.384615,0.660167,0.040248,0.699164,0.041783,0.637883,0.034375,0.823402
0.334694,0.384615,0.610028,0.055728,0.629526,0.05571,0.587744,0.040625,0.828819
0.334694,0.381963,0.593315,0.083591,0.626741,0.083565,0.573816,0.071875,0.827736
0.338776,0.381963,0.548747,0.071207,0.610028,0.083565,0.520891,0.03125,0.834236
0.338776,0.384615,0.607242,0.086687,0.632312,0.089136,0.593315,0.075,0.828819
0.338776,0.384615,0.601671,0.055728,0.62117,0.05571,0.579387,0.046875,0.822319
0.338776,0.384615,0.559889,0.021672,0.604457,0.027855,0.473538,0.009375,0.829902
0.338776,0.384615,0.593315,0.077399,0.62117,0.08078,0.545961,0.0625,0.829902
0.338776,0.384615,0.635097,0.065015,0.688022,0.075209,0.543175,0.03125,0.828819
0.338776,0.384615,0.690808,0.068111,0.749304,0.064067,0.649025,0.053125,0.826652
0.338776,0.384615,0.532033,0.074303,0.56546,0.075209,0.476323,0.05625,0.825569
0.338776,0.381963,0.562674,0.055728,0.593315,0.064067,0.54039,0.046875,0.826652
0.338776,0.381963,0.640669,0.068111,0.671309,0.072423,0.612813,0.05,0.83532
0.342857,0.384615,0.573816,0.102167,0.604457,0.10585,0.529248,0.075,0.833153
0.342857,0.387268,0.532033,0.080495,0.548747,0.086351,0.51532,0.065625,0.827736
0.342857,0.384615,0.529248,0.058824,0.543175,0.05571,0.512535,0.053125,0.825569
0.342857,0.384615,0.587744,0.105263,0.615599,0.100279,0.559889,0.0875,0.833153
0.342857,0.387268,0.584958,0.108359,0.604457,0.10585,0.562674,0.096875,0.836403
0.342857,0.392573,0.5961,0.099071,0.64624,0.10585,0.557103,0.0875,0.823402
0.342857,0.395225,0.543175,0.089783,0.584958,0.100279,0.506964,0.071875,0.816901
0.342857,0.395225,0.548747,0.102167,0.571031,0.097493,0.529248,0.096875,0.812568
0.342857,0.392573,0.467967,0.06192,0.495822,0.066852,0.440111,0.03125,0.819068
0.342857,0.38992,0.604457,0.068111,0.623955,0.072423,0.573816,0.040625,0.816901
0.342857,0.387268,0.579387,0.089783,0.618384,0.091922,0.557103,0.078125,0.829902
0.342857,0.38992,0.51532,0.126935,0.54039,0.122563,0.481894,0.1125,0.823402
0.342857,0.387268,0.520891,0.114551,0.532033,0.10585,0.512535,0.109375,0.815818
0.342857,0.381963,0.559889,0.052632,0.584958,0.050139,0.545961,0.046875,0.828819
0.342857,0.381963,0.537604,0.123839,0.562674,0.125348,0.504178,0.1125,0.832069
0.342857,0.381963,0.509749,0.114551,0.537604,0.114206,0.456825,0.096875,0.829902
0.342857,0.387268,0.498607,0.136223,0.523677,0.150418,0.473538,0.103125,0.832069
0.346939,0.38992,0.529248,0.133127,0.537604,0.13649,0.506964,0.115625,0.828819
0.346939,0.392573,0.501393,0.083591,0.584958,0.091922,0.454039,0.05,0.823402
0.346939,0.392573,0.526462,0.117647,0.534819,0.108635,0.512535,0.109375,0.817985
0.346939,0.387268,0.520891,0.083591,0.562674,0.091922,0.48468,0.075,0.823402
0.342857,0.38992,0.501393,0.102167,0.526462,0.114206,0.456825,0.084375,0.822319
0.342857,0.38992,0.48468,0.105263,0.506964,0.108635,0.465181,0.09375,0.822319
0.342857,0.38992,0.526462,0.133127,0.548747,0.128134,0.498607,0.121875,0.829902
0.346939,0.395225,0.545961,0.123839,0.557103,0.122563,0.526462,0.1125,0.821235
0.342857,0.397878,0.498607,0.136223,0.512535,0.153203,0.473538,0.11875,0.815818
0.346939,0.395225,0.501393,0.120743,0.520891,0.125348,0.476323,0.10625,0.819068
0.346939,0.400531,0.493036,0.058824,0.532033,0.08078,0.442897,0.021875,0.819068
0.346939,0.403183,0.545961,0.111455,0.568245,0.10585,0.523677,0.1,0.808234
0.346939,0.405836,0.551532,0.077399,0.5961,0.108635,0.498607,0.05625,0.8039
0.346939,0.403183,0.532033,0.114551,0.545961,0.119777,0.518106,0.10625,0.7974
0.346939,0.397878,0.559889,0.111455,0.576602,0.108635,0.543175,0.103125,0.809317
0.346939,0.397878,0.490251,0.065015,0.543175,0.077994,0.428969,0.05,0.808234
0.346939,0.400531,0.493036,0.136223,0.506964,0.144847,0.470752,0.11875,0.801733
0.346939,0.397878,0.534819,0.102167,0.554318,0.094708,0.520891,0.09375,0.80065
0.346939,0.395225,0.520891,0.095975,0.545961,0.103064,0.493036,0.078125,0.811484
0.35102,0.395225,0.523677,0.099071,0.543175,0.097493,0.512535,0.08125,0.808234
0.346939,0.392573,0.537604,0.123839,0.562674,0.125348,0.520891,0.10625,0.813651
0.346939,0.397878,0.509749,0.151703,0.523677,0.147632,0.495822,0.1375,0.809317
0.346939,0.397878,0.479109,0.114551,0.534819,0.122563,0.456825,0.0875,0.807151
0.346939,0.400531,0.476323,0.052632,0.526462,0.064067,0.395543,0.0375,0.807151
0.346939,0.403183,0.501393,0.139319,0.51532,0.139276,0.493036,0.1125,0.798483
0.346939,0.400531,0.537604,0.151703,0.559889,0.147632,0.523677,0.1375,0.796316
0.346939,0.397878,0.529248,0.136223,0.554318,0.128134,0.51532,0.125,0.802817
0.346939,0.392573,0.359331,0.034056,0.420613,0.064067,0.24234,0.009375,0.807151
0.346939,0.392573,0.51532,0.105263,0.557103,0.122563,0.48468,0.04375,0.819068
0.35102,0.395225,0.523677,0.139319,0.537604,0.13649,0.509749,0.121875,0.814735
0.35102,0.400531,0.51532,0.123839,0.534819,0.119777,0.487465,0.115625,0.811484
0.346939,0.405836,0.529248,0.136223,0.554318,0.142061,0.493036,0.10625,0.799567
0.346939,0.405836,0.554318,0.136223,0.573816,0.133705,0.537604,0.11875,0.796316
0.35102,0.408488,0.487465,0.111455,0.526462,0.111421,0.456825,0.103125,0.791983
0.35102,0.411141,0.526462,0.102167,0.545961,0.100279,0.501393,0.0875,0.791983
0.35102,0.411141,0.545961,0.117647,0.571031,0.114206,0.529248,0.1,0.79415
0.35102,0.419098,0.532033,0.139319,0.557103,0.144847,0.504178,0.115625,0.791983
0.35102,0.427056,0.520891,0.120743,0.545961,0.128134,0.506964,0.103125,0.772481
0.35102,0.432361,0.48468,0.086687,0.545961,0.122563,0.420613,0.059375,0.767064
0.35102,0.435013,0.545961,0.130031,0.576602,0.139276,0.501393,0.103125,0.758397
0.35102,0.432361,0.551532,0.130031,0.568245,0.128134,0.543175,0.121875,0.751896
0.35102,0.424403,0.498607,0.099071,0.512535,0.10585,0.454039,0.084375,0.757313
0.35102,0.419098,0.490251,0.040248,0.537604,0.052925,0.431755,0.021875,0.771398
0.35102,0.421751,0.467967,0.133127,0.481894,0.142061,0.451253,0.1,0.76598
0.35102,0.419098,0.520891,0.136223,0.54039,0.133705,0.504178,0.125,0.776815
0.35102,0.421751,0.523677,0.117647,0.534819,0.111421,0.51532,0.109375,0.760563
0.35102,0.416446,0.56546,0.077399,0.635097,0.119777,0.518106,0.04375,0.763814
0.35102,0.416446,0.529248,0.126935,0.543175,0.122563,0.518106,0.11875,0.76598
0.346939,0.413793,0.534819,0.210526,0.568245,0.211699,0.512535,0.165625,0.785482
0.346939,0.416446,0.520891,0.130031,0.571031,0.133705,0.470752,0.1125,0.770314
0.346939,0.416446,0.518106,0.148607,0.534819,0.150418,0.501393,0.121875,0.771398
0.346939,0.413793,0.501393,0.154799,0.529248,0.153203,0.481894,0.134375,0.775731
0.342857,0.416446,0.543175,0.157895,0.562674,0.147632,0.518106,0.146875,0.783315
0.342857,0.424403,0.520891,0.195046,0.554318,0.21727,0.495822,0.16875,0.772481
0.346939,0.429708,0.48468,0.173375,0.501393,0.181058,0.465181,0.15625,0.75948
0.346939,0.429708,0.506964,0.204334,0.526462,0.211699,0.493036,0.190625,0.761647
0.35102,0.427056,0.493036,0.089783,0.518106,0.094708,0.465181,0.0625,0.757313
0.35102,0.429708,0.545961,0.123839,0.571031,0.119777,0.520891,0.10625,0.751896
0.35102,0.435013,0.51532,0.136223,0.543175,0.139276,0.490251,0.115625,0.744312
0.35102,0.435013,0.529248,0.130031,0.545961,0.142061,0.498607,0.10625,0.743229
0.355102,0.435013,0.504178,0.092879,0.526462,0.091922,0.481894,0.08125,0.744312
0.355102,0.437666,0.512535,0.102167,0.534819,0.108635,0.487465,0.0875,0.733478
0.35102,0.435013,0.532033,0.120743,0.545961,0.122563,0.518106,0.1125,0.732394
0.35102,0.435013,0.518106,0.130031,0.551532,0.128134,0.501393,0.115625,0.738895
0.35102,0.435013,0.593315,0.086687,0.626741,0.083565,0.554318,0.071875,0.734561
0.355102,0.435013,0.54039,0.04644,0.579387,0.077994,0.487465,0.015625,0.733478
0.355102,0.440318,0.604457,0.117647,0.635097,0.114206,0.579387,0.09375,0.733478
0.355102,0.442971,0.532033,0.114551,0.554318,0.111421,0.506964,0.0875,0.734561
0.35102,0.442971,0.518106,0.130031,0.529248,0.139276,0.48468,0.1125,0.72481
0.35102,0.442971,0.579387,0.083591,0.626741,0.094708,0.504178,0.034375,0.735645
0.355102,0.448276,0.584958,0.108359,0.601671,0.100279,0.568245,0.1,0.728061
0.355102,0.453581,0.54039,0.102167,0.56546,0.116992,0.501393,0.078125,0.71831
0.355102,0.456233,0.532033,0.136223,0.54039,0.130919,0.51532,0.128125,0.706392
0.355102,0.453581,0.5961,0.123839,0.610028,0.119777,0.573816,0.09375,0.708559
0.355102,0.450928,0.495822,0.095975,0.532033,0.108635,0.465181,0.06875,0.710726
0.355102,0.450928,0.557103,0.117647,0.610028,0.130919,0.476323,0.071875,0.723727
0.355102,0.456233,0.518106,0.105263,0.545961,0.108635,0.456825,0.084375,0.702059
0.355102,0.456233,0.529248,0.130031,0.543175,0.142061,0.506964,0.0875,0.706392
0.35102,0.453581,0.501393,0.120743,0.520891,0.125348,0.476323,0.1,0.710726
0.35102,0.450928,0.584958,0.148607,0.604457,0.158774,0.559889,0.128125,0.71831
0.355102,0.453581,0.532033,0.117647,0.568245,0.130919,0.512535,0.08125,0.716143
0.355102,0.458886,0.562674,0.071207,0.576602,0.077994,0.537604,0.040625,0.702059
0.355102,0.458886,0.512535,0.154799,0.529248,0.144847,0.493036,0.15,0.700975
0.355102,0.453581,0.498607,0.154799,0.529248,0.147632,0.470752,0.146875,0.704225
0.355102,0.450928,0.512535,0.151703,0.523677,0.155989,0.493036,0.1375,0.710726
0.355102,0.450928,0.5961,0.160991,0.618384,0.158774,0.582173,0.153125,0.705309
0.35102,0.450928,0.512535,0.114551,0.545961,0.128134,0.481894,0.075,0.711809
0.355102,0.453581,0.495822,0.123839,0.51532,0.119777,0.462396,0.11875,0.708559
0.355102,0.458886,0.520891,0.117647,0.557103,0.130919,0.473538,0.090625,0.703142
0.359184,0.464191,0.506964,0.133127,0.520891,0.128134,0.493036,0.11875,0.690141
0.359184,0.461538,0.537604,0.086687,0.571031,0.083565,0.501393,0.078125,0.695558
0.359184,0.461538,0.601671,0.114551,0.618384,0.116992,0.590529,0.09375,0.689057
0.359184,0.461538,0.520891,0.074303,0.562674,0.097493,0.490251,0.05,0.689057
0.359184,0.461538,0.56546,0.092879,0.5961,0.094708,0.523677,0.084375,0.685807
0.359184,0.461538,0.532033,0.170279,0.576602,0.167131,0.512535,0.146875,0.692308
0.359184,0.456233,0.598886,0.139319,0.612813,0.13649,0.576602,0.115625,0.698808
0.355102,0.461538,0.532033,0.173375,0.551532,0.175487,0.520891,0.146875,0.693391
0.359184,0.466844,0.607242,0.133127,0.62117,0.133705,0.593315,0.1125,0.682557
0.359184,0.466844,0.504178,0.133127,0.532033,0.128134,0.479109,0.121875,0.681473
0.359184,0.466844,0.48468,0.114551,0.504178,0.114206,0.462396,0.1,0.678223
0.359184,0.464191,0.462396,0.055728,0.534819,0.086351,0.389972,0.021875,0.685807
0.359184,0.472149,0.498607,0.157895,0.51532,0.158774,0.481894,0.14375,0.672806
0.359184,0.472149,0.532033,0.120743,0.559889,0.119777,0.512535,0.1125,0.674973
0.359184,0.469496,0.501393,0.095975,0.526462,0.097493,0.456825,0.078125,0.676056
0.359184,0.477454,0.487465,0.108359,0.506964,0.130919,0.456825,0.059375,0.673889
0.359184,0.485411,0.504178,0.074303,0.520891,0.075209,0.476323,0.0625,0.654388
0.359184,0.485411,0.64624,0.151703,0.696379,0.155989,0.604457,0.134375,0.655471
0.359184,0.485411,0.601671,0.126935,0.635097,0.133705,0.576602,0.10625,0.651138
0.359184,0.485411,0.537604,0.170279,0.56546,0.183844,0.512535,0.1375,0.658722
0.355102,0.485411,0.543175,0.139319,0.571031,0.139276,0.520891,0.121875,0.652221
0.355102,0.485411,0.543175,0.142415,0.593315,0.142061,0.501393,0.13125,0.660888
0.359184,0.488064,0.543175,0.120743,0.573816,0.133705,0.520891,0.103125,0.648971
0.359184,0.488064,0.51532,0.117647,0.587744,0.119777,0.490251,0.09375,0.651138
0.359184,0.493369,0.545961,0.123839,0.568245,0.130919,0.506964,0.103125,0.64572
0.355102,0.496021,0.523677,0.164087,0.529248,0.153203,0.518106,0.153125,0.641387
0.355102,0.496021,0.509749,0.157895,0.534819,0.150418,0.479109,0.14375,0.64247
0.355102,0.496021,0.532033,0.120743,0.579387,0.144847,0.506964,0.1,0.632719
0.355102,0.496021,0.520891,0.151703,0.548747,0.164345,0.495822,0.1125,0.624052
0.355102,0.490716,0.554318,0.167183,0.562674,0.164345,0.543175,0.15,0.631636
0.355102,0.490716,0.534819,0.105263,0.548747,0.10585,0.518106,0.09375,0.632719
0.359184,0.485411,0.465181,0.012384,0.665738,0.027855,0.239554,0.003125,0.638137
0.359184,0.485411,0.518106,0.142415,0.548747,0.139276,0.501393,0.13125,0.641387
0.359184,0.488064,0.526462,0.058824,0.548747,0.058496,0.51532,0.046875,0.631636
0.355102,0.485411,0.551532,0.102167,0.590529,0.10585,0.520891,0.075,0.640303
0.355102,0.488064,0.635097,0.136223,0.657382,0.139276,0.579387,0.1125,0.631636
0.35102,0.488064,0.593315,0.151703,0.607242,0.155989,0.579387,0.134375,0.627302
0.35102,0.485411,0.635097,0.120743,0.671309,0.114206,0.601671,0.096875,0.628386
0.35102,0.482759,0.51532,0.120743,0.551532,0.142061,0.462396,0.0625,0.637053
0.35102,0.485411,0.504178,0.086687,0.526462,0.089136,0.467967,0.06875,0.63597
0.355102,0.493369,0.506964,0.105263,0.548747,0.103064,0.456825,0.090625,0.611051
0.355102,0.490716,0.582173,0.111455,0.612813,0.111421,0.562674,0.09375,0.618635
0.35102,0.490716,0.601671,0.117647,0.612813,0.114206,0.584958,0.103125,0.626219
0.35102,0.488064,0.582173,0.114551,0.5961,0.114206,0.56546,0.096875,0.619718
0.35102,0.482759,0.601671,0.126935,0.615599,0.128134,0.554318,0.1125,0.628386
0.35102,0.482759,0.5961,0.154799,0.610028,0.147632,0.573816,0.140625,0.620802
0.35102,0.482759,0.693593,0.055728,0.732591,0.069638,0.643454,0.021875,0.622969
0.35102,0.485411,0.529248,0.117647,0.548747,0.128134,0.518106,0.090625,0.622969
0.355102,0.488064,0.610028,0.058824,0.64624,0.066852,0.537604,0.04375,0.618635
0.355102,0.488064,0.582173,0.095975,0.615599,0.103064,0.543175,0.078125,0.625135
0.35102,0.496021,0.454039,0.04644,0.56546,0.072423,0.325905,0.015625,0.605634
0.355102,0.498674,0.629526,0.071207,0.83844,0.100279,0.523677,0.028125,0.613218
0.35102,0.503979,0.579387,0.157895,0.593315,0.153203,0.562674,0.14375,0.600217
0.35102,0.503979,0.632312,0.130031,0.662953,0.142061,0.618384,0.103125,0.59805
0.35102,0.503979,0.607242,0.19195,0.62117,0.181058,0.590529,0.184375,0.599133
0.35102,0.501326,0.601671,0.111455,0.643454,0.122563,0.557103,0.078125,0.590466
0.35102,0.496021,0.562674,0.071207,0.587744,0.075209,0.54039,0.053125,0.593716
0.35102,0.493369,0.604457,0.089783,0.618384,0.108635,0.573816,0.05625,0.602384
0.35102,0.496021,0.593315,0.19195,0.612813,0.183844,0.579387,0.178125,0.609967
0.35102,0.490716,0.593315,0.142415,0.604457,0.147632,0.584958,0.121875,0.613218
0.35102,0.482759,0.582173,0.117647,0.612813,0.122563,0.532033,0.084375,0.619718
0.35102,0.482759,0.584958,0.142415,0.598886,0.178273,0.576602,0.1,0.626219
0.35102,0.488064,0.612813,0.099071,0.649025,0.111421,0.551532,0.046875,0.622969
0.35102,0.490716,0.582173,0.086687,0.604457,0.097493,0.543175,0.053125,0.627302
0.35102,0.501326,0.607242,0.133127,0.657382,0.147632,0.548747,0.10625,0.613218
0.35102,0.506631,0.532033,0.108359,0.562674,0.116992,0.501393,0.0625,0.6013
0.346939,0.506631,0.598886,0.179567,0.640669,0.175487,0.557103,0.146875,0.606717
0.346939,0.506631,0.562674,0.126935,0.5961,0.130919,0.54039,0.1125,0.605634
0.346939,0.509284,0.593315,0.154799,0.607242,0.150418,0.571031,0.140625,0.599133
0.346939,0.509284,0.537604,0.130031,0.573816,0.158774,0.520891,0.103125,0.603467
0.346939,0.511936,0.579387,0.071207,0.629526,0.086351,0.512535,0.046875,0.589382
0.346939,0.511936,0.612813,0.114551,0.654596,0.139276,0.559889,0.05625,0.605634
0.346939,0.517241,0.557103,0.123839,0.584958,0.150418,0.51532,0.0875,0.599133
0.346939,0.517241,0.573816,0.173375,0.593315,0.175487,0.557103,0.128125,0.603467
0.342857,0.511936,0.506964,0.139319,0.534819,0.13649,0.481894,0.128125,0.608884
0.342857,0.503979,0.598886,0.195046,0.615599,0.203343,0.571031,0.159375,0.612134
0.346939,0.498674,0.554318,0.148607,0.607242,0.175487,0.493036,0.09375,0.613218
0.342857,0.493369,0.559889,0.126935,0.587744,0.13649,0.512535,0.109375,0.621885
0.342857,0.496021,0.604457,0.198142,0.623955,0.192201,0.579387,0.178125,0.627302
0.338776,0.496021,0.523677,0.164087,0.545961,0.158774,0.512535,0.14375,0.626219
0.342857,0.493369,0.526462,0.120743,0.545961,0.119777,0.495822,0.103125,0.634886
0.342857,0.503979,0.607242,0.157895,0.635097,0.167131,0.559889,0.134375,0.630553
0.338776,0.509284,0.557103,0.148607,0.584958,0.16156,0.512535,0.115625,0.627302
0.338776,0.509284,0.54039,0.160991,0.56546,0.183844,0.509749,0.121875,0.619718
0.338776,0.506631,0.568245,0.185759,0.643454,0.214485,0.509749,0.128125,0.631636
0.338776,0.509284,0.590529,0.142415,0.626741,0.150418,0.54039,0.071875,0.63597
0.338776,0.511936,0.56546,0.145511,0.657382,0.150418,0.523677,0.121875,0.632719
0.338776,0.511936,0.632312,0.148607,0.668524,0.158774,0.590529,0.121875,0.633803
0.338776,0.511936,0.587744,0.201238,0.593315,0.189415,0.582173,0.196875,0.619718
0.338776,0.498674,0.5961,0.185759,0.618384,0.183844,0.579387,0.16875,0.618635
0.338776,0.490716,0.548747,0.114551,0.607242,0.125348,0.504178,0.075,0.644637
0.338776,0.496021,0.635097,0.126935,0.671309,0.128134,0.598886,0.109375,0.643554
0.338776,0.493369,0.607242,0.126935,0.654596,0.142061,0.571031,0.08125,0.655471
0.338776,0.498674,0.62117,0.198142,0.637883,0.203343,0.604457,0.159375,0.646804
0.338776,0.490716,0.607242,0.164087,0.635097,0.172702,0.587744,0.14375,0.651138
0.338776,0.482759,0.618384,0.105263,0.671309,0.111421,0.56546,0.065625,0.659805
0.338776,0.482759,0.64624,0.126935,0.699164,0.142061,0.62117,0.096875,0.668472
0.334694,0.490716,0.601671,0.136223,0.752089,0.169916,0.415042,0.046875,0.671723
0.334694,0.498674,0.604457,0.195046,0.640669,0.220056,0.573816,0.134375,0.647887
0.338776,0.493369,0.62117,0.219814,0.662953,0.228412,0.579387,0.190625,0.651138
0.338776,0.485411,0.649025,0.114551,0.715877,0.130919,0.607242,0.065625,0.665222
0.334694,0.480106,0.640669,0.170279,0.679666,0.181058,0.598886,0.13125,0.666306
0.334694,0.477454,0.604457,0.06192,0.699164,0.108635,0.495822,0.03125,0.673889
0.334694,0.480106,0.660167,0.092879,0.707521,0.114206,0.615599,0.0375,0.671723
0.334694,0.488064,0.64624,0.136223,0.713092,0.172702,0.437326,0.059375,0.673889
0.334694,0.498674,0.690808,0.120743,0.732591,0.133705,0.604457,0.075,0.657638
0.334694,0.501326,0.660167,0.123839,0.690808,0.142061,0.607242,0.078125,0.643554
0.330612,0.493369,0.557103,0.164087,0.571031,0.16156,0.545961,0.128125,0.647887
0.334694,0.480106,0.62117,0.195046,0.699164,0.21727,0.568245,0.134375,0.669556
0.334694,0.474801,0.612813,0.185759,0.651811,0.192201,0.576602,0.15625,0.673889
0.334694,0.474801,0.629526,0.167183,0.665738,0.169916,0.598886,0.128125,0.679307
0.334694,0.477454,0.623955,0.111455,0.668524,0.130919,0.465181,0.0625,0.681473
0.334694,0.482759,0.629526,0.157895,0.679666,0.16156,0.582173,0.134375,0.669556
0.330612,0.477454,0.593315,0.241486,0.601671,0.24234,0.573816,0.225,0.672806
0.334694,0.469496,0.587744,0.167183,0.623955,0.203343,0.562674,0.084375,0.685807
0.334694,0.464191,0.612813,0.120743,0.649025,0.167131,0.573816,0.075,0.697725
0.338776,0.458886,0.721448,0.139319,0.740947,0.142061,0.688022,0.103125,0.695558
0.334694,0.456233,0.607242,0.173375,0.637883,0.192201,0.571031,0.121875,0.704225
0.330612,0.456233,0.571031,0.201238,0.590529,0.21727,0.534819,0.15625,0.704225
0.326531,0.456233,0.587744,0.275542,0.612813,0.256267,0.56546,0.25625,0.708559
0.330612,0.456233,0.584958,0.195046,0.629526,0.222841,0.568245,0.153125,0.704225
0.330612,0.450928,0.635097,0.198142,0.671309,0.200557,0.615599,0.175,0.71506
0.330612,0.450928,0.626741,0.160991,0.662953,0.167131,0.601671,0.11875,0.72156
0.330612,0.453581,0.593315,0.188854,0.615599,0.189415,0.557103,0.1625,0.709642
0.330612,0.450928,0.593315,0.173375,0.618384,0.197772,0.559889,0.103125,0.720477
0.330612,0.453581,0.629526,0.139319,0.688022,0.178273,0.526462,0.0625,0.723727
0.330612,0.458886,0.579387,0.244582,0.593315,0.24234,0.568245,0.225,0.723727
0.330612,0.458886,0.626741,0.151703,0.657382,0.16156,0.568245,0.115625,0.716143
0.330612,0.464191,0.612813,0.154799,0.679666,0.172702,0.526462,0.090625,0.710726
0.326531,0.474801,0.601671,0.244582,0.62117,0.236769,0.587744,0.19375,0.695558
0.334694,0.474801,0.629526,0.176471,0.64624,0.178273,0.612813,0.15625,0.684724
0.326531,0.464191,0.579387,0.244582,0.615599,0.239554,0.551532,0.203125,0.704225
0.330612,0.466844,0.640669,0.170279,0.685237,0.172702,0.62117,0.1375,0.696641
0.330612,0.464191,0.612813,0.19195,0.651811,0.220056,0.582173,0.134375,0.703142
0.326531,0.458886,0.604457,0.099071,0.662953,0.122563,0.548747,0.059375,0.709642
0.326531,0.458886,0.557103,0.164087,0.579387,0.169916,0.534819,0.140625,0.705309
0.326531,0.456233,0.573816,0.195046,0.590529,0.194986,0.554318,0.159375,0.709642
0.330612,0.448276,0.584958,0.151703,0.607242,0.144847,0.559889,0.121875,0.71831
0.330612,0.445623,0.590529,0.195046,0.632312,0.206128,0.532033,0.15625,0.72481
0.330612,0.448276,0.612813,0.204334,0.632312,0.211699,0.584958,0.16875,0.723727
0.326531,0.448276,0.584958,0.176471,0.607242,0.169916,0.554318,0.165625,0.723727
0.326531,0.450928,0.64624,0.198142,0.693593,0.21727,0.623955,0.15625,0.716143
0.326531,0.445623,0.623955,0.20743,0.649025,0.208914,0.559889,0.171875,0.72481
0.326531,0.437666,0.618384,0.216718,0.632312,0.208914,0.584958,0.19375,0.741062
0.326531,0.437666,0.571031,0.201238,0.5961,0.200557,0.559889,0.171875,0.735645
0.330612,0.435013,0.618384,0.185759,0.651811,0.183844,0.5961,0.15,0.744312
0.330612,0.437666,0.610028,0.179567,0.623955,0.181058,0.587744,0.159375,0.735645
0.326531,0.432361,0.587744,0.188854,0.607242,0.181058,0.554318,0.178125,0.747562
0.330612,0.432361,0.640669,0.20743,0.651811,0.197772,0.629526,0.196875,0.749729
0.330612,0.435013,0.618384,0.114551,0.662953,0.133705,0.562674,0.0875,0.750813
0.326531,0.442971,0.610028,0.173375,0.637883,0.197772,0.562674,0.115625,0.742145
0.330612,0.445623,0.629526,0.111455,0.743733,0.153203,0.557103,0.059375,0.731311
0.330612,0.442971,0.615599,0.111455,0.671309,0.144847,0.557103,0.075,0.739978
0.330612,0.442971,0.632312,0.151703,0.690808,0.164345,0.584958,0.10625,0.736728
0.330612,0.445623,0.5961,0.167183,0.607242,0.167131,0.582173,0.14375,0.735645
0.330612,0.448276,0.559889,0.130031,0.598886,0.13649,0.520891,0.1125,0.737811
0.330612,0.450928,0.618384,0.185759,0.637883,0.178273,0.593315,0.175,0.726977
0.330612,0.445623,0.590529,0.123839,0.612813,0.147632,0.562674,0.065625,0.737811
0.326531,0.445623,0.587744,0.195046,0.610028,0.203343,0.54039,0.178125,0.736728
0.330612,0.445623,0.632312,0.185759,0.651811,0.192201,0.604457,0.16875,0.735645
0.330612,0.445623,0.598886,0.173375,0.62117,0.189415,0.562674,0.11875,0.732394
0.330612,0.442971,0.623955,0.145511,0.649025,0.147632,0.5961,0.121875,0.742145
0.330612,0.445623,0.587744,0.164087,0.651811,0.192201,0.543175,0.134375,0.742145
0.330612,0.448276,0.593315,0.232198,0.635097,0.231198,0.568245,0.196875,0.733478
0.326531,0.448276,0.618384,0.167183,0.665738,0.181058,0.582173,0.15,0.723727
0.326531,0.445623,0.593315,0.219814,0.607242,0.208914,0.579387,0.203125,0.728061
0.330612,0.437666,0.587744,0.173375,0.607242,0.178273,0.568245,0.153125,0.736728
0.330612,0.437666,0.56546,0.148607,0.5961,0.144847,0.526462,0.10625,0.741062
0.326531,0.437666,0.590529,0.22291,0.62117,0.236769,0.562674,0.178125,0.748646
0.330612,0.440318,0.587744,0.167183,0.623955,0.197772,0.554318,0.121875,0.743229
0.330612,0.440318,0.623955,0.154799,0.657382,0.153203,0.598886,0.134375,0.738895
0.326531,0.440318,0.5961,0.198142,0.610028,0.203343,0.579387,0.175,0.742145
0.326531,0.437666,0.635097,0.201238,0.668524,0.200557,0.604457,0.175,0.742145
0.326531,0.432361,0.551532,0.123839,0.584958,0.125348,0.512535,0.071875,0.754063
0.326531,0.435013,0.626741,0.182663,0.674095,0.189415,0.604457,0.15,0.754063
0.326531,0.440318,0.601671,0.22291,0.618384,0.220056,0.584958,0.203125,0.743229
0.326531,0.440318,0.579387,0.204334,0.5961,0.253482,0.548747,0.134375,0.749729
0.326531,0.442971,0.626741,0.139319,0.679666,0.158774,0.582173,0.0875,0.749729
0.330612,0.448276,0.615599,0.154799,0.640669,0.181058,0.571031,0.1125,0.737811
0.330612,0.453581,0.548747,0.204334,0.559889,0.228412,0.537604,0.178125,0.730228
0.330612,0.453581,0.518106,0.133127,0.551532,0.158774,0.48468,0.065625,0.728061
0.326531,0.450928,0.601671,0.241486,0.626741,0.247911,0.576602,0.215625,0.732394
0.326531,0.445623,0.593315,0.182663,0.601671,0.24234,0.582173,0.134375,0.735645
0.326531,0.437666,0.610028,0.154799,0.635097,0.178273,0.571031,0.125,0.747562
0.330612,0.435013,0.590529,0.195046,0.604457,0.18663,0.562674,0.184375,0.758397
0.330612,0.437666,0.593315,0.201238,0.626741,0.194986,0.582173,0.184375,0.749729
0.330612,0.432361,0.593315,0.176471,0.612813,0.169916,0.579387,0.165625,0.755146
0.326531,0.429708,0.584958,0.142415,0.604457,0.13649,0.573816,0.125,0.760563
0.326531,0.427056,0.601671,0.213622,0.615599,0.220056,0.584958,0.159375,0.770314
0.330612,0.435013,0.615599,0.164087,0.62117,0.164345,0.604457,0.146875,0.75948
0.334694,0.435013,0.601671,0.151703,0.615599,0.158774,0.56546,0.115625,0.760563
0.330612,0.440318,0.523677,0.164087,0.529248,0.164345,0.518106,0.15,0.757313
0.330612,0.450928,0.54039,0.157895,0.56546,0.167131,0.506964,0.134375,0.741062
0.326531,0.456233,0.529248,0.179567,0.534819,0.181058,0.523677,0.1625,0.728061
0.326531,0.448276,0.590529,0.167183,0.607242,0.211699,0.562674,0.1125,0.735645
0.326531,0.445623,0.554318,0.167183,0.601671,0.178273,0.51532,0.14375,0.737811
0.326531,0.448276,0.593315,0.229102,0.610028,0.245125,0.576602,0.146875,0.738895
0.326531,0.448276,0.601671,0.229102,0.623955,0.225627,0.576602,0.2,0.730228
0.330612,0.440318,0.571031,0.157895,0.590529,0.16156,0.559889,0.1375,0.745395
0.326531,0.440318,0.618384,0.176471,0.651811,0.172702,0.576602,0.153125,0.749729
0.326531,0.445623,0.590529,0.173375,0.629526,0.181058,0.562674,0.13125,0.737811
0.330612,0.445623,0.593315,0.157895,0.618384,0.16156,0.571031,0.1375,0.741062
0.330612,0.448276,0.601671,0.145511,0.635097,0.150418,0.579387,0.125,0.735645
0.326531,0.445623,0.587744,0.20743,0.62117,0.203343,0.56546,0.175,0.737811
0.322449,0.440318,0.554318,0.182663,0.598886,0.197772,0.506964,0.14375,0.746479
0.326531,0.440318,0.607242,0.148607,0.615599,0.16156,0.598886,0.134375,0.743229
0.326531,0.435013,0.573816,0.145511,0.618384,0.142061,0.537604,0.109375,0.755146
0.330612,0.435013,0.5961,0.164087,0.62117,0.206128,0.56546,0.121875,0.763814
0.330612,0.437666,0.584958,0.185759,0.604457,0.183844,0.568245,0.171875,0.755146
0.330612,0.432361,0.584958,0.154799,0.610028,0.153203,0.548747,0.121875,0.75948
0.330612,0.435013,0.5961,0.108359,0.62117,0.122563,0.582173,0.090625,0.75948
0.326531,0.435013,0.584958,0.142415,0.626741,0.16156,0.551532,0.1125,0.764897
0.326531,0.437666,0.582173,0.185759,0.593315,0.181058,0.573816,0.15625,0.751896
0.330612,0.435013,0.601671,0.164087,0.62117,0.155989,0.587744,0.153125,0.758397
0.330612,0.429708,0.615599,0.108359,0.637883,0.114206,0.593315,0.090625,0.764897
0.326531,0.427056,0.626741,0.151703,0.651811,0.150418,0.5961,0.1375,0.776815
0.326531,0.429708,0.5961,0.19195,0.62117,0.200557,0.571031,0.16875,0.75948
0.326531,0.424403,0.573816,0.154799,0.604457,0.16156,0.523677,0.134375,0.770314
0.326531,0.427056,0.590529,0.182663,0.626741,0.18663,0.568245,0.159375,0.775731
0.330612,0.427056,0.618384,0.151703,0.643454,0.16156,0.579387,0.13125,0.772481
0.326531,0.424403,0.543175,0.133127,0.584958,0.147632,0.518106,0.1,0.783315
0.330612,0.437666,0.562674,0.151703,0.582173,0.153203,0.545961,0.125,0.768147
0.330612,0.442971,0.579387,0.148607,0.601671,0.155989,0.562674,0.128125,0.755146
0.326531,0.442971,0.554318,0.114551,0.604457,0.139276,0.509749,0.084375,0.755146
0.326531,0.440318,0.579387,0.182663,0.612813,0.192201,0.537604,0.15,0.750813
0.322449,0.435013,0.534819,0.164087,0.582173,0.178273,0.501393,0.121875,0.76273
0.322449,0.429708,0.520891,0.173375,0.543175,0.183844,0.487465,0.15625,0.76598
0.322449,0.429708,0.543175,0.19195,0.587744,0.200557,0.509749,0.159375,0.771398
0.326531,0.427056,0.601671,0.20743,0.62117,0.208914,0.582173,0.175,0.768147
0.326531,0.421751,0.5961,0.151703,0.607242,0.142061,0.584958,0.14375,0.769231
0.330612,0.416446,0.635097,0.099071,0.64624,0.097493,0.607242,0.084375,0.782232
0.330612,0.413793,0.618384,0.173375,0.654596,0.175487,0.579387,0.14375,0.787649
0.330612,0.416446,0.62117,0.179567,0.632312,0.181058,0.612813,0.146875,0.795233
0.330612,0.419098,0.593315,0.167183,0.612813,0.167131,0.573816,0.15,0.782232
0.326531,0.416446,0.573816,0.136223,0.598886,0.13649,0.54039,0.115625,0.780065
0.326531,0.413793,0.5961,0.123839,0.62117,0.147632,0.559889,0.084375,0.789816
0.326531,0.413793,0.559889,0.136223,0.582173,0.142061,0.51532,0.115625,0.790899
0.326531,0.416446,0.590529,0.19195,0.598886,0.18663,0.584958,0.178125,0.780065
0.326531,0.413793,0.610028,0.145511,0.62117,0.150418,0.562674,0.125,0.793066
0.326531,0.413793,0.590529,0.077399,0.64624,0.100279,0.571031,0.046875,0.795233
0.322449,0.413793,0.598886,0.195046,0.632312,0.21727,0.579387,0.153125,0.798483
0.326531,0.416446,0.576602,0.126935,0.598886,0.128134,0.554318,0.115625,0.788732
0.326531,0.421751,0.518106,0.20743,0.532033,0.214485,0.501393,0.184375,0.786566
0.326531,0.424403,0.534819,0.123839,0.571031,0.150418,0.498607,0.096875,0.777898
0.326531,0.427056,0.601671,0.148607,0.637883,0.139276,0.587744,0.134375,0.771398
0.326531,0.429708,0.573816,0.130031,0.601671,0.144847,0.532033,0.09375,0.76598
0.330612,0.424403,0.637883,0.102167,0.685237,0.103064,0.54039,0.071875,0.772481
0.326531,0.421751,0.559889,0.114551,0.604457,0.114206,0.526462,0.1,0.777898
0.326531,0.424403,0.590529,0.182663,0.612813,0.189415,0.557103,0.15,0.778982
0.326531,0.427056,0.593315,0.185759,0.601671,0.178273,0.582173,0.175,0.769231
0.326531,0.427056,0.579387,0.145511,0.607242,0.147632,0.562674,0.13125,0.774648
0.326531,0.427056,0.584958,0.164087,0.593315,0.164345,0.576602,0.14375,0.770314
0.326531,0.424403,0.593315,0.117647,0.610028,0.111421,0.571031,0.109375,0.772481
0.322449,0.419098,0.598886,0.148607,0.615599,0.153203,0.579387,0.128125,0.777898
0.322449,0.419098,0.557103,0.142415,0.584958,0.142061,0.526462,0.128125,0.787649
0.322449,0.427056,0.559889,0.157895,0.579387,0.147632,0.537604,0.146875,0.772481
0.322449,0.424403,0.571031,0.130031,0.582173,0.133705,0.554318,0.10625,0.770314
0.322449,0.419098,0.554318,0.145511,0.598886,0.153203,0.520891,0.128125,0.784399
0.322449,0.427056,0.554318,0.157895,0.590529,0.172702,0.504178,0.1125,0.775731
0.326531,0.429708,0.562674,0.139319,0.590529,0.130919,0.545961,0.121875,0.771398
0.326531,0.432361,0.51532,0.126935,0.551532,0.128134,0.487465,0.1125,0.767064
0.326531,0.435013,0.523677,0.148607,0.545961,0.147632,0.51532,0.121875,0.76273
0.330612,0.429708,0.537604,0.105263,0.559889,0.111421,0.518106,0.084375,0.770314
0.326531,0.432361,0.551532,0.099071,0.5961,0.119777,0.518106,0.075,0.767064
0.326531,0.429708,0.607242,0.130031,0.660167,0.130919,0.582173,0.115625,0.764897
0.326531,0.427056,0.568245,0.133127,0.593315,0.139276,0.543175,0.115625,0.772481
0.326531,0.429708,0.545961,0.142415,0.573816,0.144847,0.506964,0.125,0.769231
0.326531,0.429708,0.579387,0.148607,0.598886,0.150418,0.551532,0.128125,0.76598
0.326531,0.429708,0.509749,0.108359,0.532033,0.119777,0.495822,0.078125,0.769231
0.326531,0.432361,0.529248,0.108359,0.568245,0.108635,0.495822,0.075,0.764897
0.326531,0.435013,0.610028,0.130031,0.623955,0.128134,0.601671,0.109375,0.760563
0.326531,0.432361,0.576602,0.117647,0.626741,0.108635,0.523677,0.109375,0.75948
0.326531,0.432361,0.532033,0.145511,0.551532,0.153203,0.509749,0.11875,0.763814
0.326531,0.429708,0.54039,0.164087,0.576602,0.164345,0.526462,0.1,0.764897
0.326531,0.427056,0.562674,0.136223,0.598886,0.144847,0.529248,0.1125,0.776815
0.326531,0.432361,0.5961,0.114551,0.610028,0.119777,0.557103,0.096875,0.76598
0.326531,0.432361,0.598886,0.154799,0.615599,0.150418,0.576602,0.128125,0.75948
0.326531,0.429708,0.637883,0.102167,0.671309,0.100279,0.618384,0.084375,0.764897
0.326531,0.424403,0.5961,0.133127,0.632312,0.142061,0.562674,0.109375,0.776815
0.326531,0.429708,0.571031,0.089783,0.593315,0.094708,0.545961,0.06875,0.772481
0.326531,0.432361,0.520891,0.102167,0.582173,0.116992,0.479109,0.0625,0.763814
0.326531,0.432361,0.643454,0.105263,0.67688,0.122563,0.573816,0.065625,0.767064
0.326531,0.432361,0.573816,0.114551,0.590529,0.108635,0.543175,0.10625,0.760563
0.326531,0.432361,0.584958,0.117647,0.5961,0.119777,0.56546,0.10625,0.76598
0.326531,0.432361,0.604457,0.111455,0.629526,0.10585,0.568245,0.1,0.76273
0.326531,0.432361,0.537604,0.074303,0.573816,0.077994,0.520891,0.0625,0.760563